
data/MDG-a_10_n500_m50.txt
7619.520000	0.001959	4933
data/MDG-a_1_n500_m50.txt
7623.230000	0.001809	3533
data/MDG-a_2_n500_m50.txt
7590.180000	0.001391	2664
data/MDG-a_3_n500_m50.txt
7544.940000	0.001204	1522
data/MDG-a_4_n500_m50.txt
7576.440000	0.001200	1843
data/MDG-a_5_n500_m50.txt
7484.270000	0.001308	1869
data/MDG-a_6_n500_m50.txt
7570.960000	0.001297	2330
data/MDG-a_7_n500_m50.txt
7654.980000	0.001608	2776
data/MDG-a_8_n500_m50.txt
7623.780000	0.002379	3439
data/MDG-a_9_n500_m50.txt
7612.740000	0.001494	2246
data/MDG-b_21_n2000_m200.txt
11181874.000692	0.099777	29153
data/MDG-b_22_n2000_m200.txt
11167876.183981	0.092492	23745
data/MDG-b_23_n2000_m200.txt
11176568.061127	0.107634	28631
data/MDG-b_24_n2000_m200.txt
11188223.318036	0.107425	30061
data/MDG-b_25_n2000_m200.txt
11181859.819566	0.090053	22374
data/MDG-b_26_n2000_m200.txt
11193478.832010	0.122694	40168
data/MDG-b_27_n2000_m200.txt
11211629.683932	0.112468	31362
data/MDG-b_28_n2000_m200.txt
11151089.462920	0.079449	15585
data/MDG-b_29_n2000_m200.txt
11183039.664424	0.098330	25351
data/MDG-b_30_n2000_m200.txt
11159590.821281	0.090033	19936
data/MDG-c_10_n3000_m400.txt
43188306.000000	1.195051	34032
data/MDG-c_13_n3000_m500.txt
66636142.000000	2.304507	27872
data/MDG-c_14_n3000_m500.txt
66727635.000000	2.430114	47459
data/MDG-c_15_n3000_m500.txt
66808383.000000	2.787150	79989
data/MDG-c_19_n3000_m600.txt
95244690.000000	3.572005	34607
data/MDG-c_1_n3000_m300.txt
24729057.000000	0.601221	58816
data/MDG-c_20_n3000_m600.txt
95324379.000000	3.598978	44010
data/MDG-c_2_n3000_m300.txt
24738675.000000	0.584432	63615
data/MDG-c_8_n3000_m400.txt
43200330.000000	1.264437	60814
data/MDG-c_9_n3000_m400.txt
43157977.000000	1.241837	51098
