
data/MDG-a_10_n500_m50.txt
6283.650000, 6372.110000, 6454.980000, 6535.530000, 6599.360000, 6662.360000, 6719.000000, 6770.050000, 6820.400000, 6866.590000, 6911.750000, 6962.900000, 7007.300000, 7050.360000, 7086.700000, 7128.980000, 7163.150000, 7192.930000, 7227.660000, 7252.490000, 7277.260000, 7296.840000, 7311.290000, 7330.480000, 7342.520000, 7360.540000, 7369.260000, 7380.770000, 7397.530000, 7410.050000, 7425.350000, 7441.270000, 7445.800000, 7458.890000, 7469.420000, 7477.780000, 7494.700000, 7509.130000, 7521.580000, 7536.400000, 7550.480000, 7561.470000, 7578.860000, 7596.470000, 7605.710000, 7609.830000, 7616.050000, 7620.210000, 7624.590000, 7625.840000, 
data/MDG-a_1_n500_m50.txt
6171.480000, 6276.040000, 6369.140000, 6442.390000, 6519.230000, 6590.360000, 6660.970000, 6722.860000, 6782.100000, 6843.870000, 6894.520000, 6945.510000, 6998.880000, 7047.540000, 7095.380000, 7133.290000, 7166.270000, 7202.650000, 7236.370000, 7275.500000, 7305.370000, 7336.000000, 7361.240000, 7380.280000, 7402.630000, 7415.930000, 7435.590000, 7454.570000, 7470.860000, 7479.790000, 7492.890000, 7505.740000, 7514.730000, 7527.900000, 7540.780000, 7550.110000, 7565.510000, 7580.320000, 7587.380000, 7589.420000, 7591.170000, 7601.200000, 7602.680000, 7605.850000, 
data/MDG-a_2_n500_m50.txt
6245.860000, 6332.710000, 6409.140000, 6479.440000, 6545.320000, 6612.700000, 6673.870000, 6731.530000, 6787.690000, 6836.130000, 6879.890000, 6924.610000, 6964.360000, 7007.910000, 7042.420000, 7086.060000, 7120.980000, 7155.480000, 7186.750000, 7210.370000, 7241.480000, 7263.230000, 7282.940000, 7310.310000, 7338.240000, 7370.450000, 7398.180000, 7421.150000, 7436.690000, 7457.310000, 7478.040000, 7490.680000, 7502.660000, 7516.360000, 7534.020000, 7544.920000, 7552.220000, 7560.670000, 7571.680000, 7584.840000, 7594.750000, 7610.560000, 7619.230000, 7630.600000, 7632.980000, 7641.110000, 7644.020000, 7646.130000, 7650.910000, 
data/MDG-a_3_n500_m50.txt
6216.840000, 6294.960000, 6370.920000, 6448.020000, 6514.850000, 6575.630000, 6639.680000, 6697.280000, 6749.100000, 6799.030000, 6849.790000, 6891.570000, 6942.440000, 6992.780000, 7039.430000, 7084.590000, 7126.600000, 7166.280000, 7197.290000, 7230.190000, 7259.520000, 7290.050000, 7308.720000, 7337.030000, 7358.920000, 7379.900000, 7402.100000, 7419.130000, 7433.110000, 7452.580000, 7462.210000, 7472.900000, 7480.390000, 7491.290000, 7500.670000, 7506.460000, 7511.540000, 7523.600000, 7539.050000, 7554.320000, 7564.020000, 7571.300000, 7583.200000, 7594.680000, 7605.020000, 7610.330000, 7615.050000, 7623.500000, 7627.050000, 
data/MDG-a_4_n500_m50.txt
6005.460000, 6121.470000, 6219.270000, 6316.810000, 6409.140000, 6492.570000, 6571.660000, 6639.180000, 6703.620000, 6764.190000, 6828.990000, 6885.130000, 6932.500000, 6980.580000, 7030.330000, 7071.930000, 7107.910000, 7145.120000, 7177.150000, 7207.050000, 7243.010000, 7271.150000, 7300.370000, 7317.560000, 7338.190000, 7360.450000, 7371.060000, 7392.450000, 7412.260000, 7423.070000, 7428.150000, 7435.340000, 7445.430000, 7459.200000, 7464.380000, 7473.190000, 7482.370000, 7498.830000, 7509.630000, 7523.880000, 7535.010000, 7542.860000, 7552.570000, 7561.490000, 7567.230000, 7576.100000, 7582.830000, 7588.720000, 7602.300000, 7612.350000, 7615.910000, 7619.930000, 7625.550000, 7628.280000, 
data/MDG-a_5_n500_m50.txt
6212.990000, 6308.270000, 6393.750000, 6474.120000, 6549.450000, 6618.280000, 6687.700000, 6755.360000, 6815.510000, 6870.040000, 6928.350000, 6975.660000, 7030.490000, 7069.020000, 7106.760000, 7139.630000, 7166.110000, 7197.650000, 7222.430000, 7245.790000, 7270.940000, 7290.150000, 7311.900000, 7323.630000, 7331.830000, 7344.590000, 7351.430000, 7360.000000, 7374.750000, 7390.310000, 7404.730000, 7411.210000, 7424.530000, 7433.220000, 7442.220000, 7443.780000, 
data/MDG-a_6_n500_m50.txt
6066.710000, 6179.730000, 6271.400000, 6346.760000, 6416.060000, 6479.020000, 6544.980000, 6607.500000, 6669.430000, 6727.820000, 6780.090000, 6835.110000, 6884.070000, 6937.650000, 6984.270000, 7029.670000, 7073.740000, 7115.860000, 7149.360000, 7175.810000, 7206.990000, 7235.800000, 7258.790000, 7281.430000, 7306.310000, 7335.990000, 7363.700000, 7388.750000, 7410.950000, 7431.900000, 7446.190000, 7461.680000, 7470.380000, 7488.300000, 7503.930000, 7515.860000, 7519.010000, 
data/MDG-a_7_n500_m50.txt
6171.990000, 6272.440000, 6348.890000, 6421.850000, 6489.440000, 6553.980000, 6614.020000, 6672.100000, 6723.950000, 6775.240000, 6823.720000, 6872.170000, 6916.930000, 6960.480000, 6998.760000, 7043.820000, 7076.880000, 7108.720000, 7142.960000, 7168.330000, 7189.490000, 7212.400000, 7231.690000, 7252.440000, 7271.870000, 7294.620000, 7321.650000, 7342.240000, 7362.280000, 7376.570000, 7390.780000, 7402.880000, 7414.610000, 7430.770000, 7446.410000, 7462.260000, 7478.080000, 7489.220000, 7496.110000, 7505.080000, 7517.040000, 7535.950000, 7545.060000, 7553.560000, 7561.620000, 7574.370000, 7581.190000, 7587.310000, 7596.200000, 7598.450000, 7602.720000, 
data/MDG-a_8_n500_m50.txt
6194.450000, 6301.730000, 6387.720000, 6461.170000, 6521.910000, 6578.390000, 6629.270000, 6684.160000, 6734.350000, 6783.170000, 6826.740000, 6871.850000, 6909.860000, 6940.460000, 6973.960000, 7006.920000, 7041.580000, 7069.090000, 7108.660000, 7138.150000, 7165.530000, 7188.980000, 7219.300000, 7247.060000, 7271.070000, 7294.710000, 7326.340000, 7352.830000, 7375.570000, 7404.510000, 7425.110000, 7448.590000, 7463.280000, 7480.180000, 7493.790000, 7501.650000, 7512.620000, 7527.510000, 
data/MDG-a_9_n500_m50.txt
6158.860000, 6263.050000, 6346.680000, 6426.650000, 6497.250000, 6564.260000, 6629.460000, 6684.790000, 6738.740000, 6799.870000, 6846.770000, 6896.860000, 6954.270000, 7012.580000, 7058.250000, 7099.180000, 7142.120000, 7180.990000, 7210.950000, 7244.280000, 7270.550000, 7300.360000, 7319.410000, 7344.080000, 7371.310000, 7390.270000, 7409.800000, 7430.600000, 7451.040000, 7464.520000, 7479.950000, 7486.500000, 7492.210000, 7500.600000, 7508.080000, 7518.740000, 7529.460000, 7540.230000, 7548.990000, 7560.510000, 7568.590000, 7578.450000, 7595.100000, 7601.440000, 7604.020000, 7605.790000, 
data/MDG-b_21_n2000_m200.txt
9972422.538318, 9999868.880225, 10022763.221799, 10044840.619695, 10066724.919266, 10087385.102760, 10106945.536741, 10126250.790640, 10144809.031526, 10163139.020434, 10180505.800684, 10198159.692753, 10214900.217132, 10231689.673634, 10247337.074789, 10262599.483827, 10277594.850497, 10291953.423667, 10306195.661896, 10319299.726227, 10332313.919860, 10345052.621758, 10358001.804962, 10370989.797214, 10382764.057030, 10394778.253025, 10406802.717171, 10419165.482661, 10431527.300196, 10442832.279770, 10454587.233421, 10465856.127703, 10476782.814943, 10487634.018529, 10499122.328918, 10509662.408127, 10520453.292366, 10530920.604192, 10541864.305218, 10551728.821556, 10561385.215746, 10570852.201612, 10580446.548151, 10589943.846211, 10599762.453821, 10608565.281132, 10617768.508432, 10627585.990546, 10636058.359055, 10644617.160555, 10653442.625583, 10662343.598832, 10670315.472849, 10679125.335137, 10688098.374223, 10696756.263552, 10704537.121824, 
data/MDG-b_22_n2000_m200.txt
10002166.243874, 10029031.131581, 10050805.817843, 10071825.043590, 10091521.728581, 10111703.481854, 10131902.817280, 10150033.478771, 10167873.696338, 10185572.300591, 10202929.990794, 10219991.475210, 10235481.349241, 10250266.835665, 10265295.855424, 10281270.394425, 10296143.278485, 10309911.988210, 10324400.832193, 10337893.004344, 10352542.763766, 10366484.631690, 10380238.199383, 10393274.304664, 10406402.590346, 10419823.777544, 10432160.298370, 10444000.222700, 10455694.635799, 10467292.684445, 10478733.201337, 10490138.842935, 10500993.067779, 10512066.328243, 10523072.732485, 10533694.710582, 10544365.577699, 10555315.274461, 10567056.134761, 10577770.135080, 10588334.403636, 10598453.275809, 10608429.616445, 10617823.002981, 10627049.803830, 10636159.581935, 10644981.523137, 10653946.164636, 10662683.933976, 10671715.382917, 10680963.276461, 10690190.539079, 10698371.540587, 10706492.526337, 10714564.411064, 10722288.469151, 10729825.979899, 
data/MDG-b_23_n2000_m200.txt
10003222.914760, 10027829.747122, 10051951.960477, 10072913.939867, 10093714.210216, 10113174.210370, 10132458.518163, 10151701.884861, 10168810.398713, 10186373.725722, 10203739.460801, 10220490.035633, 10236939.257690, 10253586.634227, 10269113.612808, 10285231.896180, 10300714.334863, 10315209.309000, 10330340.701765, 10345065.458554, 10359331.270517, 10372916.659466, 10386499.880722, 10399492.176307, 10413257.779048, 10426149.254901, 10438578.568841, 10451853.698791, 10464503.451899, 10477104.545536, 10488813.956589, 10501327.558284, 10513614.777245, 10525041.723066, 10536054.246696, 10547250.119624, 10558187.468904, 10569173.371702, 10579592.785086, 10590549.176256, 10601807.284489, 10611440.542300, 10621088.226405, 10630584.441371, 10640278.672924, 10649705.612115, 10659190.206596, 10668793.517470, 10678111.483592, 10687235.567856, 10695539.440685, 10704301.594942, 10712948.818052, 10721970.310810, 10731049.485667, 10739148.602331, 10747061.106059, 
data/MDG-b_24_n2000_m200.txt
9944198.255405, 9970355.630975, 9994136.561114, 10016239.009873, 10035321.731506, 10055216.014493, 10073512.493016, 10091685.274140, 10109143.300204, 10125286.757014, 10141867.908410, 10157962.556031, 10173921.233299, 10189687.191619, 10205639.532833, 10221466.019441, 10236455.102951, 10251498.358840, 10266331.600507, 10281827.661666, 10296420.035991, 10310768.611710, 10324128.952764, 10337665.324468, 10350819.163430, 10363800.504642, 10377313.135973, 10390305.462842, 10403223.456232, 10416103.083233, 10429604.137253, 10443139.855347, 10455865.868427, 10469168.864165, 10481231.187573, 10493617.178548, 10505740.304507, 10516818.588327, 10527997.316220, 10539687.503992, 10550681.629605, 10561232.992983, 10571579.189423, 10581906.583000, 10591927.736969, 10601496.298509, 10611232.265486, 10620251.295815, 10629521.221261, 10639433.630797, 10648797.969932, 10657253.820447, 10665162.965829, 10673227.061162, 10680824.784692, 10689022.523101, 10697650.091284, 
data/MDG-b_25_n2000_m200.txt
9981495.418043, 10003100.912252, 10024536.441652, 10043876.744460, 10063148.486005, 10082327.674867, 10099811.103478, 10117120.477901, 10134453.864522, 10151079.806662, 10168134.829638, 10184544.964649, 10200417.592725, 10216869.326563, 10232706.834140, 10248245.148693, 10264022.074427, 10279657.430597, 10294668.109563, 10309552.465307, 10324173.267623, 10338530.829158, 10352259.564461, 10365813.488802, 10379164.501265, 10392970.504299, 10406454.273804, 10419319.356566, 10431653.071422, 10443968.949921, 10455921.451339, 10467758.110499, 10479366.609856, 10491136.517430, 10502508.228730, 10513882.008572, 10525806.790078, 10537130.407225, 10548028.693143, 10558976.577937, 10569692.823825, 10580381.436333, 10590450.634900, 10600400.638221, 10610505.170485, 10621336.306793, 10631139.238207, 10640361.035674, 10650465.440566, 10660008.845746, 10668881.893150, 10678104.424792, 10687274.847161, 10696471.370373, 10705207.155070, 10713879.207209, 10722432.780205, 
data/MDG-b_26_n2000_m200.txt
9956251.504773, 9984152.827199, 10009413.043979, 10033359.913418, 10055983.068555, 10078029.244412, 10098809.112304, 10119350.254220, 10138925.165116, 10157322.073626, 10174688.347316, 10191587.915896, 10208298.471941, 10225525.662602, 10241953.364715, 10258166.967828, 10273427.581571, 10288053.742403, 10302262.754524, 10317216.605214, 10331036.937546, 10344645.147131, 10358157.658108, 10371341.779049, 10384134.767936, 10396454.585764, 10408107.868286, 10419561.338103, 10431162.092751, 10442911.448684, 10454885.903611, 10467526.923112, 10479045.055450, 10490263.647300, 10501907.903138, 10512705.093522, 10522625.740580, 10532449.200723, 10542644.029856, 10552998.742389, 10562741.850933, 10573140.511036, 10582772.310941, 10592110.790371, 10601275.048157, 10610548.637596, 10619583.963193, 10628929.820652, 10638361.455135, 10647372.067284, 10656694.015915, 10666792.557507, 10677190.716504, 10687354.091428, 10696607.268742, 10704674.675212, 10712851.622844, 
data/MDG-b_27_n2000_m200.txt
9904885.933929, 9929940.103504, 9953257.940427, 9974666.156356, 9994881.465365, 10014561.976986, 10032868.499468, 10051781.350486, 10070208.494037, 10088368.281030, 10106089.200886, 10123082.563066, 10138867.046345, 10155146.574360, 10170751.638450, 10186668.228980, 10202316.227453, 10218210.195424, 10234017.750634, 10249803.044695, 10264654.820001, 10279106.977731, 10294179.749085, 10308852.840827, 10323466.671640, 10338149.090464, 10352020.189051, 10366213.575696, 10379550.754945, 10392906.490607, 10406308.819055, 10420225.374865, 10433276.074633, 10446237.158125, 10459153.604278, 10472048.962792, 10484976.357073, 10497724.289911, 10509516.417114, 10521375.193799, 10533252.293991, 10545000.461409, 10556503.163929, 10567461.546884, 10579034.154297, 10590008.637828, 10600931.481942, 10612368.444468, 10622585.740852, 10632776.840180, 10641851.423074, 10651386.579183, 10660767.718722, 10670199.398004, 10679574.968385, 10688964.483093, 10697966.587231, 
data/MDG-b_28_n2000_m200.txt
9940737.481756, 9965198.346938, 9985541.122595, 10006045.633562, 10026044.292620, 10044809.851272, 10062961.969491, 10080527.848306, 10098503.988084, 10115642.555967, 10132824.471086, 10150513.093682, 10166848.556297, 10183083.085028, 10199085.428658, 10214947.386071, 10230709.461170, 10245745.430558, 10260960.410866, 10275925.201231, 10291169.269345, 10306852.663016, 10321638.035313, 10336172.972838, 10351082.665073, 10364593.398306, 10378258.077529, 10392035.286318, 10405041.407382, 10417927.624251, 10430640.109730, 10443027.159727, 10455139.781188, 10467024.128623, 10478920.402561, 10491061.003360, 10502890.209316, 10514264.827899, 10526442.657017, 10537863.155080, 10548676.409027, 10560040.217806, 10571229.547958, 10581491.323835, 10591384.524756, 10601822.031602, 10611174.989847, 10620535.633824, 10629540.754173, 10639043.265051, 10648029.484825, 10657798.777675, 10667103.575673, 10676394.735138, 10685332.693336, 10694477.200996, 10704037.524274, 
data/MDG-b_29_n2000_m200.txt
9937119.661994, 9962932.473226, 9986294.289294, 10009219.482222, 10029138.342217, 10049282.661697, 10067655.477854, 10085442.926756, 10103374.192909, 10119835.005180, 10136743.364801, 10152576.220053, 10168878.711788, 10185985.134594, 10201977.522071, 10216936.070125, 10232065.025691, 10246283.205786, 10261522.491372, 10276313.003897, 10290552.233215, 10304530.339874, 10318154.886205, 10331544.076654, 10345231.753234, 10358711.157300, 10371900.109077, 10384781.315961, 10397702.120731, 10410215.486504, 10422407.843950, 10434693.825975, 10447426.313719, 10461308.410048, 10473089.614574, 10484154.931247, 10495411.159415, 10506285.784275, 10517386.645744, 10528468.144462, 10540414.830616, 10551318.555119, 10561712.968529, 10572750.290127, 10583351.096462, 10593301.507956, 10603113.488120, 10613616.364109, 10622993.630507, 10632122.926038, 10641279.614891, 10650775.745378, 10660165.985645, 10669378.091921, 10678392.981766, 10687616.502976, 10696542.050433, 
data/MDG-b_30_n2000_m200.txt
9932984.388725, 9957975.518291, 9980342.948472, 10001230.815049, 10021101.415413, 10040193.109389, 10057988.116346, 10075557.684388, 10092352.841203, 10109546.263269, 10126356.456944, 10142962.559206, 10160140.599966, 10177184.063577, 10193524.640643, 10210838.052937, 10226729.473830, 10242571.894326, 10258699.058170, 10275101.219878, 10290155.894189, 10304786.038217, 10320090.109457, 10334259.375839, 10347975.985475, 10361492.126972, 10375280.957018, 10387560.324748, 10400540.801586, 10412768.563957, 10425434.386794, 10436890.829607, 10448130.169115, 10459179.653167, 10470577.817040, 10481187.175341, 10491863.880694, 10502197.923550, 10512219.100401, 10523170.302979, 10533311.025648, 10543992.761511, 10554183.057793, 10564011.081821, 10574122.040812, 10584910.595470, 10595335.918792, 10605008.143348, 10615286.469085, 10625621.763569, 10634979.927912, 10644408.887350, 10653873.874539, 10662642.080687, 10670511.787319, 10679153.653420, 10687418.268475, 
data/MDG-c_10_n3000_m400.txt
39822371.000000, 39856632.000000, 39887466.000000, 39918019.000000, 39948064.000000, 39977158.000000, 40004954.000000, 40032469.000000, 40059921.000000, 40087103.000000, 40113793.000000, 40140144.000000, 40166264.000000, 40192388.000000, 40217909.000000, 40243418.000000, 40268551.000000, 40293608.000000, 40318761.000000, 40344050.000000, 40369002.000000, 40393744.000000, 40418103.000000, 40442055.000000, 40465214.000000, 40486876.000000, 40508959.000000, 40529850.000000, 40549776.000000, 40570284.000000, 40591429.000000, 40611967.000000, 40631733.000000, 40651460.000000, 40670951.000000, 40689844.000000, 40708776.000000, 40727426.000000, 40746767.000000, 40765886.000000, 
data/MDG-c_13_n3000_m500.txt
62522980.000000, 62562714.000000, 62599129.000000, 62634253.000000, 62668549.000000, 62702242.000000, 62734803.000000, 62766685.000000, 62796754.000000, 62826984.000000, 62856494.000000, 62885847.000000, 62914102.000000, 62942370.000000, 62969910.000000, 62997697.000000, 63024731.000000, 63051885.000000, 63078923.000000, 63106386.000000, 63133488.000000, 63159913.000000, 63186002.000000, 63211671.000000, 63236554.000000, 63261037.000000, 63286103.000000, 63311416.000000, 63335780.000000, 63360383.000000, 63384319.000000, 63406882.000000, 63429414.000000, 63451830.000000, 63474431.000000, 63497488.000000, 63519822.000000, 63541858.000000, 63563797.000000, 63586249.000000, 63608646.000000, 
data/MDG-c_14_n3000_m500.txt
62440839.000000, 62484441.000000, 62523589.000000, 62561293.000000, 62596913.000000, 62631443.000000, 62664309.000000, 62696088.000000, 62726463.000000, 62757474.000000, 62788132.000000, 62818467.000000, 62848406.000000, 62876864.000000, 62905082.000000, 62932385.000000, 62958993.000000, 62985354.000000, 63011434.000000, 63037243.000000, 63063746.000000, 63089632.000000, 63115102.000000, 63141371.000000, 63166902.000000, 63192212.000000, 63217512.000000, 63242498.000000, 63267008.000000, 63291505.000000, 63315644.000000, 63340195.000000, 63364066.000000, 63387834.000000, 63411273.000000, 63434524.000000, 63456682.000000, 63478922.000000, 63500660.000000, 63522848.000000, 63545017.000000, 
data/MDG-c_15_n3000_m500.txt
62382286.000000, 62430666.000000, 62470270.000000, 62506753.000000, 62542354.000000, 62577685.000000, 62612630.000000, 62647726.000000, 62681610.000000, 62714693.000000, 62746847.000000, 62777723.000000, 62808229.000000, 62838360.000000, 62868429.000000, 62897528.000000, 62926091.000000, 62955195.000000, 62982986.000000, 63010809.000000, 63037880.000000, 63063962.000000, 63089758.000000, 63115427.000000, 63140758.000000, 63165776.000000, 63190981.000000, 63216528.000000, 63241722.000000, 63266578.000000, 63291843.000000, 63316783.000000, 63341544.000000, 63365265.000000, 63389719.000000, 63413345.000000, 63437567.000000, 63461872.000000, 63486314.000000, 63509542.000000, 63532837.000000, 
data/MDG-c_19_n3000_m600.txt
89743347.000000, 89789074.000000, 89833714.000000, 89876631.000000, 89919666.000000, 89960944.000000, 90001880.000000, 90040226.000000, 90077944.000000, 90115941.000000, 90151693.000000, 90186938.000000, 90222179.000000, 90256957.000000, 90290258.000000, 90323321.000000, 90355798.000000, 90387960.000000, 90420203.000000, 90451631.000000, 90482493.000000, 90513321.000000, 90543262.000000, 90574073.000000, 90604405.000000, 90633891.000000, 90663092.000000, 90692094.000000, 90722153.000000, 90751213.000000, 90779437.000000, 90807071.000000, 90834313.000000, 90862151.000000, 90889432.000000, 90916552.000000, 90943630.000000, 90970563.000000, 90996380.000000, 91022562.000000, 91049671.000000, 91075299.000000, 91101174.000000, 
data/MDG-c_1_n3000_m300.txt
22514809.000000, 22545755.000000, 22574845.000000, 22601745.000000, 22627236.000000, 22651042.000000, 22674828.000000, 22697944.000000, 22720488.000000, 22742811.000000, 22764247.000000, 22785076.000000, 22806502.000000, 22826854.000000, 22847007.000000, 22867394.000000, 22887506.000000, 22907478.000000, 22926673.000000, 22946288.000000, 22965412.000000, 22984554.000000, 23003885.000000, 23024395.000000, 23043003.000000, 23062138.000000, 23079857.000000, 23098125.000000, 23115531.000000, 23133427.000000, 23151067.000000, 23168736.000000, 23185744.000000, 23202387.000000, 23217503.000000, 23233578.000000, 23250002.000000, 23265448.000000, 23280092.000000, 
data/MDG-c_20_n3000_m600.txt
90020439.000000, 90062681.000000, 90100699.000000, 90138022.000000, 90174805.000000, 90209606.000000, 90243914.000000, 90278772.000000, 90313665.000000, 90347355.000000, 90381348.000000, 90414580.000000, 90447649.000000, 90479625.000000, 90511110.000000, 90542675.000000, 90573575.000000, 90604167.000000, 90633949.000000, 90664197.000000, 90694151.000000, 90723962.000000, 90752835.000000, 90781596.000000, 90810649.000000, 90838703.000000, 90867213.000000, 90895088.000000, 90922288.000000, 90949428.000000, 90977232.000000, 91003346.000000, 91029754.000000, 91055978.000000, 91082057.000000, 91107956.000000, 91134096.000000, 91160378.000000, 91186877.000000, 91213437.000000, 91239295.000000, 91264550.000000, 91289378.000000, 
data/MDG-c_2_n3000_m300.txt
22423449.000000, 22457743.000000, 22487483.000000, 22516841.000000, 22543421.000000, 22569935.000000, 22594146.000000, 22618446.000000, 22642335.000000, 22665629.000000, 22688209.000000, 22709906.000000, 22731470.000000, 22752429.000000, 22772349.000000, 22792647.000000, 22812298.000000, 22832616.000000, 22851643.000000, 22869923.000000, 22887824.000000, 22906182.000000, 22924056.000000, 22941544.000000, 22959494.000000, 22977877.000000, 22996802.000000, 23013803.000000, 23031070.000000, 23048274.000000, 23065072.000000, 23081912.000000, 23098024.000000, 23113621.000000, 23128982.000000, 23144793.000000, 23160228.000000, 23175707.000000, 23190732.000000, 
data/MDG-c_8_n3000_m400.txt
39976548.000000, 40013277.000000, 40047546.000000, 40078644.000000, 40108974.000000, 40138989.000000, 40168974.000000, 40196718.000000, 40223691.000000, 40250826.000000, 40277602.000000, 40304081.000000, 40329467.000000, 40354686.000000, 40379838.000000, 40404093.000000, 40427910.000000, 40451875.000000, 40475425.000000, 40499005.000000, 40522203.000000, 40545438.000000, 40567989.000000, 40590644.000000, 40613999.000000, 40637266.000000, 40660840.000000, 40684203.000000, 40706940.000000, 40729316.000000, 40751905.000000, 40773935.000000, 40795682.000000, 40815623.000000, 40836209.000000, 40856659.000000, 40876667.000000, 40896201.000000, 40916178.000000, 40935884.000000, 
data/MDG-c_9_n3000_m400.txt
39902401.000000, 39939759.000000, 39972802.000000, 40003297.000000, 40032577.000000, 40061323.000000, 40089554.000000, 40117248.000000, 40144474.000000, 40170774.000000, 40196186.000000, 40221966.000000, 40247490.000000, 40271386.000000, 40295594.000000, 40319690.000000, 40343432.000000, 40367938.000000, 40391820.000000, 40415441.000000, 40439159.000000, 40461195.000000, 40483415.000000, 40505792.000000, 40527725.000000, 40549317.000000, 40570608.000000, 40592333.000000, 40613116.000000, 40634170.000000, 40655296.000000, 40675970.000000, 40696320.000000, 40716485.000000, 40735208.000000, 40754182.000000, 40773758.000000, 40791989.000000, 40810052.000000, 40828623.000000, 
