
data/MDG-a_10_n500_m50.txt
7625.840000	0.001925	22500
data/MDG-a_1_n500_m50.txt
7605.850000	0.001692	19800
data/MDG-a_2_n500_m50.txt
7650.910000	0.001909	22050
data/MDG-a_3_n500_m50.txt
7627.050000	0.001872	22050
data/MDG-a_4_n500_m50.txt
7628.280000	0.002120	24300
data/MDG-a_5_n500_m50.txt
7443.780000	0.001392	16200
data/MDG-a_6_n500_m50.txt
7519.010000	0.001522	16650
data/MDG-a_7_n500_m50.txt
7602.720000	0.002021	22950
data/MDG-a_8_n500_m50.txt
7527.510000	0.001499	17100
data/MDG-a_9_n500_m50.txt
7605.790000	0.001788	20700
data/MDG-b_21_n2000_m200.txt
10704537.121824	0.167474	100800
data/MDG-b_22_n2000_m200.txt
10729825.979899	0.157267	100800
data/MDG-b_23_n2000_m200.txt
10747061.106059	0.158778	100800
data/MDG-b_24_n2000_m200.txt
10697650.091284	0.154234	100800
data/MDG-b_25_n2000_m200.txt
10722432.780205	0.151428	100800
data/MDG-b_26_n2000_m200.txt
10712851.622844	0.151654	100800
data/MDG-b_27_n2000_m200.txt
10697966.587231	0.159407	100800
data/MDG-b_28_n2000_m200.txt
10704037.524274	0.160440	100800
data/MDG-b_29_n2000_m200.txt
10696542.050433	0.156025	100800
data/MDG-b_30_n2000_m200.txt
10687418.268475	0.163450	100800
data/MDG-c_10_n3000_m400.txt
40765886.000000	0.501521	101400
data/MDG-c_13_n3000_m500.txt
63608646.000000	0.607681	100000
data/MDG-c_14_n3000_m500.txt
63545017.000000	0.604924	100000
data/MDG-c_15_n3000_m500.txt
63532837.000000	0.583044	100000
data/MDG-c_19_n3000_m600.txt
91101174.000000	0.712232	100800
data/MDG-c_1_n3000_m300.txt
23280092.000000	0.391262	102600
data/MDG-c_20_n3000_m600.txt
91289378.000000	0.718865	100800
data/MDG-c_2_n3000_m300.txt
23190732.000000	0.384945	102600
data/MDG-c_8_n3000_m400.txt
40935884.000000	0.504655	101400
data/MDG-c_9_n3000_m400.txt
40828623.000000	0.509323	101400
