
1, 1.40899e+10
4, 1.40213e+10
6, 1.39415e+10
8, 1.37426e+10
14, 1.36863e+10
16, 1.36836e+10
20, 1.35263e+10
24, 1.34295e+10
29, 1.33911e+10
31, 1.33427e+10
36, 1.32225e+10
41, 1.31426e+10
45, 1.31146e+10
47, 1.30271e+10
50, 1.28412e+10
55, 1.27226e+10
57, 1.27211e+10
60, 1.26853e+10
63, 1.26322e+10
65, 1.24853e+10
67, 1.24383e+10
70, 1.23834e+10
72, 1.22236e+10
74, 1.21821e+10
78, 1.21529e+10
82, 1.20749e+10
89, 1.2022e+10
92, 1.20131e+10
94, 1.19485e+10
96, 1.19475e+10
102, 1.18821e+10
107, 1.18002e+10
111, 1.17046e+10
113, 1.16472e+10
115, 1.15669e+10
117, 1.15628e+10
119, 1.15493e+10
123, 1.14819e+10
128, 1.13862e+10
132, 1.13804e+10
135, 1.12512e+10
140, 1.12021e+10
142, 1.11438e+10
144, 1.10261e+10
148, 1.10169e+10
150, 1.08459e+10
160, 1.08212e+10
162, 1.07561e+10
165, 1.075e+10
168, 1.06508e+10
172, 1.0582e+10
174, 1.0529e+10
181, 1.04774e+10
185, 1.04125e+10
189, 1.03463e+10
192, 1.02546e+10
196, 1.0164e+10
199, 1.00589e+10
203, 9.96166e+09
210, 9.95734e+09
213, 9.93568e+09
215, 9.90795e+09
217, 9.893e+09
219, 9.82958e+09
225, 9.77706e+09
227, 9.72075e+09
229, 9.68711e+09
231, 9.64255e+09
236, 9.53703e+09
261, 9.4501e+09
266, 9.39987e+09
271, 9.37124e+09
273, 9.34192e+09
290, 9.23387e+09
296, 9.19876e+09
298, 9.12315e+09
307, 9.10467e+09
319, 9.01234e+09
321, 8.9869e+09
328, 8.95851e+09
334, 8.94703e+09
340, 8.91685e+09
346, 8.90669e+09
349, 8.86595e+09
353, 8.78993e+09
363, 8.78552e+09
368, 8.73073e+09
388, 8.7084e+09
392, 8.68871e+09
402, 8.67702e+09
407, 8.63339e+09
409, 8.63321e+09
416, 8.60517e+09
420, 8.58916e+09
429, 8.57238e+09
431, 8.53501e+09
444, 8.48885e+09
461, 8.46712e+09
467, 8.44436e+09
469, 8.42957e+09
473, 8.39799e+09
477, 8.39103e+09
481, 8.39018e+09
483, 8.36963e+09
486, 8.33815e+09
511, 8.32845e+09
515, 8.30391e+09
528, 8.30345e+09
534, 8.24806e+09
557, 8.20497e+09
580, 8.19179e+09
589, 8.1662e+09
600, 8.14196e+09
608, 8.13425e+09
632, 8.13376e+09
635, 8.09878e+09
644, 8.08949e+09
658, 8.08529e+09
663, 8.0662e+09
684, 8.06117e+09
691, 8.0291e+09
703, 8.01438e+09
711, 8.01329e+09
731, 7.98921e+09
764, 7.98273e+09
783, 7.97871e+09
787, 7.97017e+09
792, 7.96237e+09
812, 7.95426e+09
824, 7.94979e+09
836, 7.9428e+09
847, 7.94229e+09
851, 7.93563e+09
859, 7.92962e+09
866, 7.92452e+09
891, 7.91987e+09
903, 7.90616e+09
915, 7.90373e+09
945, 7.89877e+09
961, 7.89189e+09
1043, 7.89071e+09
1068, 7.88759e+09
1215, 7.88426e+09
1250, 7.88171e+09
1488, 7.84167e+09
1490, 7.69693e+09
1494, 7.66379e+09
1496, 7.55306e+09
1500, 7.46716e+09
1506, 7.30616e+09
1512, 7.27275e+09
1514, 7.25797e+09
1520, 7.10828e+09
1536, 7.06719e+09
1538, 6.97093e+09
1546, 6.96424e+09
1550, 6.84933e+09
1553, 6.81217e+09
1556, 6.78954e+09
1561, 6.75031e+09
1566, 6.66989e+09
1572, 6.52848e+09
1576, 6.49754e+09
1581, 6.48421e+09
1583, 6.47874e+09
1586, 6.45393e+09
1588, 6.44472e+09
1593, 6.38063e+09
1604, 6.34831e+09
1608, 6.32226e+09
1614, 6.29388e+09
1617, 6.22726e+09
1622, 6.16272e+09
1636, 6.10452e+09
1642, 6.03452e+09
1651, 6.00601e+09
1658, 5.98073e+09
1660, 5.9399e+09
1662, 5.92992e+09
1675, 5.92653e+09
1678, 5.9245e+09
1686, 5.91294e+09
1688, 5.8834e+09
1691, 5.87236e+09
1693, 5.81436e+09
1699, 5.78684e+09
1701, 5.76556e+09
1712, 5.73273e+09
1719, 5.70379e+09
1723, 5.7024e+09
1725, 5.67299e+09
1729, 5.62363e+09
1734, 5.591e+09
1741, 5.59016e+09
1746, 5.58715e+09
1749, 5.55242e+09
1755, 5.49532e+09
1770, 5.49077e+09
1781, 5.4797e+09
1788, 5.46655e+09
1790, 5.43821e+09
1804, 5.41734e+09
1811, 5.39627e+09
1817, 5.38674e+09
1821, 5.37938e+09
1830, 5.33681e+09
1841, 5.29302e+09
1876, 5.26e+09
1897, 5.24623e+09
1917, 5.23581e+09
1926, 5.22655e+09
1945, 5.21116e+09
1950, 5.19957e+09
1962, 5.18934e+09
1964, 5.15334e+09
1974, 5.14515e+09
1997, 5.13131e+09
2002, 5.10898e+09
2022, 5.10691e+09
2040, 5.09159e+09
2056, 5.08495e+09
2058, 5.07995e+09
2113, 5.07421e+09
2129, 5.06701e+09
2172, 5.0435e+09
2174, 5.04031e+09
2222, 5.03105e+09
2232, 5.02964e+09
2234, 5.02524e+09
2239, 5.02304e+09
2268, 5.01872e+09
2310, 5.01482e+09
2323, 5.01112e+09
2342, 5.00809e+09
2373, 5.00792e+09
2383, 4.99452e+09
5655, 4.99115e+09
5657, 4.92274e+09
5659, 4.80578e+09
5663, 4.75799e+09
5665, 4.68284e+09
5667, 4.55429e+09
5669, 4.45014e+09
5672, 4.43869e+09
5674, 4.38378e+09
5676, 4.34537e+09
5680, 4.26578e+09
5682, 4.26577e+09
5688, 4.16241e+09
5690, 4.12767e+09
5694, 4.03662e+09
5698, 3.89217e+09
5707, 3.87273e+09
5709, 3.68905e+09
5716, 3.54415e+09
5728, 3.50028e+09
5734, 3.46961e+09
5737, 3.32894e+09
5741, 3.25832e+09
5746, 3.19842e+09
5750, 3.07798e+09
5753, 3.00506e+09
5758, 2.99546e+09
5762, 2.98148e+09
5764, 2.87924e+09
5773, 2.84847e+09
5776, 2.82497e+09
5779, 2.8245e+09
5781, 2.66045e+09
5796, 2.6016e+09
5800, 2.55259e+09
5810, 2.53423e+09
5814, 2.52076e+09
5817, 2.51468e+09
5820, 2.46941e+09
5822, 2.35662e+09
5830, 2.34552e+09
5833, 2.33582e+09
5848, 2.31698e+09
5855, 2.29186e+09
5862, 2.2612e+09
5865, 2.25712e+09
5869, 2.19013e+09
5880, 2.15239e+09
5883, 2.14478e+09
5893, 2.1202e+09
5908, 2.09346e+09
5910, 2.09132e+09
5915, 2.08279e+09
5921, 2.07014e+09
5923, 2.0545e+09
5925, 2.03413e+09
5941, 1.99264e+09
5960, 1.98931e+09
5963, 1.96197e+09
5973, 1.9498e+09
5978, 1.94078e+09
5980, 1.91118e+09
5985, 1.881e+09
6001, 1.87704e+09
6008, 1.83999e+09
6036, 1.82446e+09
6041, 1.79431e+09
6048, 1.76431e+09
6052, 1.75148e+09
6067, 1.72774e+09
6070, 1.72291e+09
6093, 1.71191e+09
6096, 1.68612e+09
6107, 1.68257e+09
6111, 1.66476e+09
6125, 1.64307e+09
6142, 1.63872e+09
6144, 1.63546e+09
6156, 1.62608e+09
6166, 1.6259e+09
6168, 1.61159e+09
6182, 1.60688e+09
6220, 1.58451e+09
6266, 1.56449e+09
6323, 1.5302e+09
6332, 1.52442e+09
6423, 1.51163e+09
6575, 1.50655e+09
6623, 1.50623e+09
6654, 1.50153e+09
6686, 1.49608e+09
6837, 1.49591e+09
11015, 3.18473e+08
11021, 3.10555e+08
11022, 3.10555e+08
11025, 2.63209e+08
11033, 2.54381e+08
11036, 2.23977e+08
11038, 1.9315e+08
11040, 1.89616e+08
11044, 1.86617e+08
11046, 1.39582e+08
11049, 1.2945e+08
11051, 9.79726e+07
11053, 6.93014e+07
11055, 6.80711e+07
11057, 6.51579e+07
11059, 5.51545e+07
11064, 5.29454e+07
11066, 5.08006e+07
11068, 4.17243e+07
11074, 3.8986e+07
11078, 2.60982e+07
11081, 2.55733e+07
11083, 2.33033e+07
11086, 1.15089e+07
11092, 9.68239e+06
11095, 4.17064e+06
11099, 3.79605e+06
11102, 3.23723e+06
11103, 3.11025e+06
11105, 2.5882e+06
11108, 2.41875e+06
11109, 2.05221e+06
11111, 737275
11116, 83618.3
11138, 58429.1
11141, 57814.8
11142, 37853
11155, 25529.1
11156, 13610.2
11453, 5193.31
11602, 5155.33
12628, 5142.91
14395, 5091.06
15184, 5088.08
