
1, 2.87058e+10
4, 2.86044e+10
8, 2.83833e+10
11, 2.81938e+10
13, 2.80855e+10
15, 2.80758e+10
17, 2.77083e+10
19, 2.73988e+10
21, 2.70262e+10
34, 2.69763e+10
37, 2.66648e+10
39, 2.64342e+10
41, 2.59568e+10
46, 2.57216e+10
50, 2.53923e+10
53, 2.52235e+10
56, 2.50275e+10
58, 2.49674e+10
64, 2.47925e+10
66, 2.46485e+10
68, 2.43414e+10
70, 2.43128e+10
73, 2.42776e+10
76, 2.41497e+10
78, 2.41105e+10
82, 2.4036e+10
85, 2.37121e+10
87, 2.3574e+10
92, 2.34981e+10
94, 2.33494e+10
98, 2.32842e+10
101, 2.32603e+10
103, 2.3084e+10
111, 2.26948e+10
118, 2.25777e+10
120, 2.25699e+10
123, 2.25127e+10
128, 2.24225e+10
130, 2.23001e+10
136, 2.21238e+10
138, 2.20744e+10
144, 2.19691e+10
146, 2.19387e+10
149, 2.19131e+10
153, 2.18392e+10
157, 2.17874e+10
163, 2.1606e+10
167, 2.13856e+10
170, 2.12044e+10
176, 2.11144e+10
182, 2.11054e+10
186, 2.09001e+10
190, 2.08554e+10
193, 2.07379e+10
197, 2.06504e+10
201, 2.04264e+10
215, 2.03505e+10
217, 2.03437e+10
219, 2.02685e+10
222, 2.00639e+10
234, 2.00608e+10
236, 1.98298e+10
239, 1.95996e+10
243, 1.95806e+10
249, 1.95105e+10
253, 1.94749e+10
256, 1.9379e+10
259, 1.93255e+10
268, 1.92748e+10
273, 1.92112e+10
278, 1.92035e+10
281, 1.90905e+10
284, 1.90391e+10
288, 1.89485e+10
303, 1.88096e+10
305, 1.87102e+10
307, 1.85988e+10
317, 1.85608e+10
319, 1.85479e+10
323, 1.83681e+10
337, 1.83013e+10
343, 1.81512e+10
355, 1.80163e+10
357, 1.80015e+10
363, 1.79125e+10
382, 1.78843e+10
384, 1.78279e+10
389, 1.7773e+10
392, 1.77613e+10
394, 1.76163e+10
412, 1.75923e+10
414, 1.7576e+10
425, 1.75014e+10
441, 1.74053e+10
453, 1.73196e+10
481, 1.72397e+10
494, 1.72013e+10
498, 1.71549e+10
500, 1.71432e+10
504, 1.70727e+10
531, 1.69384e+10
545, 1.68838e+10
561, 1.68221e+10
582, 1.68024e+10
617, 1.67786e+10
623, 1.6724e+10
637, 1.66869e+10
646, 1.66579e+10
650, 1.66298e+10
679, 1.65885e+10
736, 1.65686e+10
741, 1.65425e+10
746, 1.65277e+10
752, 1.65218e+10
756, 1.65088e+10
760, 1.64642e+10
807, 1.64544e+10
828, 1.64504e+10
858, 1.64294e+10
883, 1.64233e+10
892, 1.64231e+10
904, 1.64184e+10
949, 1.63969e+10
977, 1.63742e+10
1035, 1.63537e+10
1063, 1.6351e+10
1087, 1.63509e+10
1167, 1.63495e+10
1171, 1.63429e+10
1346, 1.63407e+10
2775, 6.72479e+09
2777, 6.56384e+09
2779, 6.45261e+09
2783, 6.37661e+09
2785, 6.36693e+09
2788, 6.31499e+09
2792, 6.2651e+09
2794, 6.25243e+09
2798, 6.13678e+09
2801, 6.02311e+09
2807, 5.96691e+09
2813, 5.91732e+09
2815, 5.87276e+09
2817, 5.83983e+09
2820, 5.81563e+09
2822, 5.80625e+09
2824, 5.78568e+09
2826, 5.7075e+09
2830, 5.62138e+09
2832, 5.55782e+09
2839, 5.42928e+09
2842, 5.41151e+09
2844, 5.2826e+09
2849, 5.27334e+09
2851, 5.23987e+09
2856, 5.13505e+09
2858, 5.08113e+09
2860, 5.0457e+09
2865, 5.03218e+09
2875, 5.00485e+09
2877, 4.9448e+09
2880, 4.91134e+09
2884, 4.8087e+09
2886, 4.78676e+09
2888, 4.75198e+09
2892, 4.73646e+09
2896, 4.728e+09
2898, 4.6739e+09
2900, 4.65807e+09
2902, 4.60843e+09
2906, 4.53789e+09
2916, 4.49827e+09
2923, 4.44881e+09
2925, 4.44219e+09
2927, 4.41824e+09
2932, 4.39846e+09
2934, 4.37205e+09
2936, 4.35184e+09
2939, 4.35141e+09
2944, 4.28515e+09
2948, 4.26255e+09
2950, 4.23696e+09
2957, 4.23417e+09
2960, 4.16743e+09
2962, 4.1592e+09
2968, 4.15588e+09
2972, 4.06926e+09
2982, 4.05486e+09
2985, 4.01689e+09
2990, 4.00234e+09
3002, 3.99238e+09
3004, 3.93614e+09
3008, 3.89072e+09
3010, 3.8558e+09
3020, 3.80921e+09
3025, 3.80441e+09
3030, 3.78177e+09
3036, 3.77061e+09
3043, 3.76314e+09
3048, 3.7308e+09
3051, 3.71485e+09
3055, 3.68928e+09
3063, 3.66294e+09
3071, 3.61214e+09
3082, 3.56652e+09
3084, 3.56591e+09
3086, 3.55239e+09
3092, 3.54958e+09
3103, 3.53404e+09
3113, 3.52686e+09
3117, 3.51811e+09
3119, 3.48092e+09
3129, 3.47054e+09
3131, 3.45164e+09
3137, 3.44475e+09
3140, 3.39955e+09
3145, 3.3967e+09
3148, 3.38263e+09
3155, 3.38258e+09
3160, 3.38084e+09
3167, 3.35306e+09
3169, 3.34197e+09
3173, 3.3073e+09
3181, 3.29361e+09
3186, 3.29177e+09
3190, 3.24599e+09
3199, 3.23547e+09
3206, 3.2262e+09
3208, 3.21286e+09
3210, 3.2027e+09
3218, 3.1794e+09
3226, 3.1459e+09
3240, 3.14479e+09
3243, 3.12001e+09
3245, 3.11193e+09
3252, 3.08649e+09
3258, 3.07927e+09
3265, 3.07113e+09
3281, 3.06259e+09
3288, 3.05123e+09
3292, 3.03313e+09
3301, 3.00007e+09
3338, 2.99446e+09
3340, 2.98329e+09
3345, 2.98154e+09
3351, 2.96313e+09
3373, 2.95858e+09
3383, 2.95477e+09
3394, 2.93958e+09
3398, 2.93549e+09
3402, 2.92855e+09
3408, 2.91193e+09
3421, 2.90673e+09
3429, 2.89493e+09
3456, 2.89421e+09
3464, 2.87665e+09
3498, 2.87047e+09
3507, 2.86725e+09
3533, 2.86526e+09
3538, 2.86125e+09
3557, 2.85181e+09
3563, 2.84795e+09
3566, 2.8448e+09
3570, 2.83684e+09
3578, 2.8362e+09
3582, 2.8347e+09
3585, 2.83267e+09
3606, 2.82199e+09
3631, 2.82016e+09
3663, 2.80916e+09
3712, 2.79926e+09
3760, 2.7952e+09
3797, 2.79218e+09
3844, 2.79136e+09
3872, 2.78764e+09
3953, 2.78666e+09
4031, 2.78643e+09
12759, 2.76852e+09
12761, 2.74552e+09
12763, 2.74228e+09
12773, 2.72083e+09
12785, 2.71567e+09
12787, 2.70623e+09
12799, 2.6556e+09
12809, 2.63117e+09
12816, 2.59509e+09
12829, 2.57698e+09
12845, 2.57432e+09
12850, 2.53476e+09
12868, 2.53361e+09
12876, 2.51472e+09
12878, 2.50685e+09
12890, 2.47644e+09
12897, 2.45536e+09
12917, 2.44661e+09
12922, 2.43897e+09
12924, 2.41321e+09
12941, 2.39442e+09
12960, 2.39392e+09
12962, 2.38952e+09
12968, 2.38714e+09
12974, 2.37285e+09
12982, 2.36293e+09
12984, 2.35196e+09
12991, 2.34652e+09
12995, 2.34608e+09
12998, 2.32968e+09
13005, 2.32457e+09
13036, 2.31823e+09
13038, 2.30259e+09
13052, 2.2917e+09
13054, 2.28973e+09
13083, 2.28793e+09
13092, 2.27754e+09
13096, 2.27694e+09
13106, 2.26007e+09
13129, 2.25902e+09
13133, 2.24654e+09
13144, 2.24457e+09
13149, 2.23842e+09
13154, 2.23259e+09
13173, 2.22793e+09
13207, 2.22182e+09
13209, 2.22156e+09
13239, 2.21171e+09
13253, 2.20984e+09
13264, 2.20525e+09
13306, 2.20406e+09
13311, 2.20142e+09
13330, 2.19627e+09
13334, 2.19341e+09
13337, 2.19326e+09
13348, 2.19196e+09
13360, 2.18382e+09
13402, 2.18119e+09
13458, 2.17774e+09
13492, 2.17623e+09
13534, 2.17128e+09
13688, 2.17089e+09
18076, 1.91176e+09
18081, 1.87427e+09
18084, 1.74527e+09
18088, 1.7093e+09
18091, 1.66447e+09
18093, 1.65406e+09
18095, 1.64409e+09
18097, 1.59245e+09
18103, 1.51677e+09
18105, 1.41449e+09
18112, 1.35494e+09
18115, 1.31693e+09
18118, 1.296e+09
18122, 1.26769e+09
18125, 1.21357e+09
18127, 1.12615e+09
18129, 1.10741e+09
18131, 1.06032e+09
18136, 9.91835e+08
18142, 9.86664e+08
18145, 9.4536e+08
18147, 9.23655e+08
18149, 9.19326e+08
18153, 9.14599e+08
18159, 9.14564e+08
18163, 8.88521e+08
18165, 8.20605e+08
18168, 7.72529e+08
18173, 7.53849e+08
18176, 7.14624e+08
18180, 6.99892e+08
18182, 6.60855e+08
18191, 6.48376e+08
18193, 6.23881e+08
18196, 6.0242e+08
18200, 5.89576e+08
18202, 5.64294e+08
18204, 5.39592e+08
18213, 5.20874e+08
18217, 5.05921e+08
18223, 4.71439e+08
18231, 4.61653e+08
18234, 4.53715e+08
18244, 4.42305e+08
18246, 4.26441e+08
18250, 4.17433e+08
18255, 4.16479e+08
18260, 3.97081e+08
18270, 3.68455e+08
18276, 3.59607e+08
18281, 3.4556e+08
18283, 3.35931e+08
18288, 3.22515e+08
18292, 3.22189e+08
18294, 3.12944e+08
18299, 3.00987e+08
18304, 2.79174e+08
18309, 2.76586e+08
18311, 2.69585e+08
18313, 2.64687e+08
18315, 2.55747e+08
18318, 2.45805e+08
18322, 2.35657e+08
18328, 2.26122e+08
18334, 2.14997e+08
18341, 2.12806e+08
18356, 2.11804e+08
18359, 2.08892e+08
18361, 2.0395e+08
18366, 1.93276e+08
18368, 1.91249e+08
18370, 1.75157e+08
18375, 1.67741e+08
18390, 1.59129e+08
18392, 1.57696e+08
18396, 1.53336e+08
18412, 1.47087e+08
18418, 1.43359e+08
18423, 1.42202e+08
18425, 1.40927e+08
18431, 1.31221e+08
18443, 1.23728e+08
18453, 1.22209e+08
18456, 1.20107e+08
18463, 1.11214e+08
18473, 1.107e+08
18477, 1.04873e+08
18482, 1.00738e+08
18497, 9.56792e+07
18499, 9.0107e+07
18509, 8.98615e+07
18511, 8.71798e+07
18521, 8.67647e+07
18528, 8.50625e+07
18531, 8.28879e+07
18535, 8.09875e+07
18538, 8.09102e+07
18540, 7.94271e+07
18542, 7.24811e+07
18548, 7.19286e+07
18561, 7.15182e+07
18568, 6.87617e+07
18581, 6.75724e+07
18591, 6.34062e+07
18595, 6.13758e+07
18602, 6.10158e+07
18610, 5.79198e+07
18624, 5.66991e+07
18630, 5.62965e+07
18635, 5.46086e+07
18640, 5.39385e+07
18646, 5.1421e+07
18667, 5.10289e+07
18677, 5.03636e+07
18681, 4.90527e+07
18695, 4.85766e+07
18701, 4.69423e+07
18711, 4.3977e+07
18749, 4.38603e+07
18758, 4.33873e+07
18767, 4.2082e+07
18771, 4.03938e+07
18795, 3.8775e+07
18829, 3.78913e+07
18834, 3.60183e+07
18883, 3.57285e+07
18899, 3.51363e+07
18908, 3.41518e+07
18914, 3.3824e+07
18956, 3.36412e+07
18963, 3.29465e+07
18970, 3.29306e+07
18989, 3.27435e+07
18999, 3.22254e+07
19013, 3.22134e+07
19020, 3.21481e+07
19038, 3.15993e+07
19063, 3.15308e+07
19069, 3.06843e+07
19191, 3.04394e+07
19206, 3.00022e+07
19425, 2.99294e+07
53970, 2.73106e+07
53972, 2.24926e+07
53974, 1.24802e+07
53983, 7.27757e+06
53985, 4.43482e+06
53991, 3.77985e+06
53996, 3.29552e+06
53999, 2.74713e+06
54000, 2.73155e+06
54003, 2.2041e+06
54004, 2.18191e+06
54006, 238918
54012, 115566
54014, 97445.1
54015, 22483.6
54019, 3779.03
54194, 3248.57
54195, 2979.8
60393, 2967.14
60761, 2897.29
61691, 2872.66
61693, 2871.77
61849, 2855.34
62965, 2834.57
63396, 2820.15
