
1, 5.87114e+21
3, 5.83645e+21
7, 5.7709e+21
11, 5.73997e+21
15, 5.40946e+21
16, 5.40946e+21
17, 5.3797e+21
20, 5.35107e+21
21, 5.35107e+21
23, 5.32354e+21
25, 5.06881e+21
27, 5.04019e+21
29, 4.98618e+21
32, 4.96074e+21
34, 4.93628e+21
36, 4.91277e+21
39, 4.89018e+21
46, 4.59788e+21
49, 4.59788e+21
51, 4.57619e+21
55, 4.30148e+21
62, 4.30148e+21
64, 4.28065e+21
71, 4.02258e+21
77, 4.02258e+21
78, 4.02258e+21
80, 3.76025e+21
82, 3.74104e+21
86, 3.5136e+21
88, 3.47747e+21
91, 3.47747e+21
104, 3.4605e+21
107, 3.44422e+21
109, 3.20027e+21
110, 3.18592e+21
114, 3.17217e+21
117, 3.159e+21
126, 3.14638e+21
132, 3.13429e+21
148, 3.11165e+21
150, 3.11165e+21
154, 2.91155e+21
157, 2.90095e+21
162, 2.89081e+21
165, 2.88111e+21
167, 2.7134e+21
168, 2.70326e+21
169, 2.70326e+21
173, 2.51785e+21
183, 2.49123e+21
188, 2.48313e+21
193, 2.468e+21
195, 2.30347e+21
200, 2.14946e+21
201, 2.13567e+21
205, 1.98517e+21
206, 1.98517e+21
208, 1.97319e+21
215, 1.84433e+21
221, 1.71843e+21
223, 1.71843e+21
226, 1.71258e+21
231, 1.70701e+21
232, 1.70701e+21
233, 1.59498e+21
238, 1.59498e+21
241, 1.59498e+21
242, 1.59498e+21
244, 1.58941e+21
249, 1.48519e+21
259, 1.47961e+21
263, 1.38274e+21
269, 1.37717e+21
275, 1.37717e+21
276, 1.37185e+21
277, 1.28162e+21
278, 1.20399e+21
279, 1.20399e+21
283, 1.20399e+21
285, 1.19814e+21
287, 1.19256e+21
290, 1.19256e+21
291, 1.19256e+21
293, 1.18725e+21
297, 1.1096e+21
299, 1.09922e+21
304, 1.02197e+21
309, 1.01714e+21
319, 1.01714e+21
323, 1.01255e+21
324, 1.01255e+21
325, 9.36291e+20
327, 9.36291e+20
334, 8.73819e+20
353, 8.57544e+20
362, 8.57544e+20
375, 8.03146e+20
379, 7.95412e+20
395, 7.91827e+20
397, 7.37699e+20
401, 7.34114e+20
426, 7.2439e+20
436, 7.18693e+20
439, 7.18693e+20
446, 7.1606e+20
458, 7.13562e+20
459, 7.13562e+20
461, 7.13562e+20
475, 7.11193e+20
477, 7.11193e+20
479, 7.08947e+20
488, 7.06819e+20
490, 7.02892e+20
493, 6.49316e+20
497, 6.49316e+20
499, 6.0152e+20
502, 5.53526e+20
509, 5.53526e+20
511, 5.51718e+20
517, 5.09017e+20
522, 5.09017e+20
523, 5.07306e+20
524, 5.05688e+20
528, 5.05688e+20
537, 5.04157e+20
538, 5.04157e+20
541, 5.01344e+20
546, 5.00053e+20
552, 4.60514e+20
558, 4.59295e+20
560, 4.25217e+20
562, 4.25217e+20
566, 3.91383e+20
577, 3.91383e+20
686, 3.67791e+20
688, 3.6608e+20
690, 3.3559e+20
707, 3.34059e+20
711, 3.32613e+20
713, 3.32613e+20
715, 3.31246e+20
722, 3.29955e+20
725, 3.29955e+20
727, 3.04603e+20
738, 3.02094e+20
740, 3.02094e+20
752, 3.00944e+20
755, 2.99859e+20
761, 2.99859e+20
763, 2.98836e+20
768, 2.76376e+20
770, 2.75291e+20
773, 2.75291e+20
774, 2.75291e+20
776, 2.74268e+20
778, 2.53738e+20
780, 2.5163e+20
813, 2.50666e+20
816, 2.50666e+20
821, 2.49758e+20
824, 2.49758e+20
833, 2.48903e+20
840, 2.28059e+20
845, 2.28059e+20
850, 2.28059e+20
857, 2.27254e+20
868, 2.27254e+20
869, 2.27254e+20
876, 2.26497e+20
888, 2.0732e+20
918, 2.0732e+20
919, 2.0732e+20
923, 2.0732e+20
927, 2.06608e+20
932, 2.06608e+20
959, 2.05939e+20
966, 2.05939e+20
983, 2.0531e+20
992, 2.0531e+20
7928, 5.79721e+19
7929, 5.75416e+19
7933, 5.75416e+19
7935, 5.44646e+19
7937, 5.40861e+19
7939, 5.15424e+19
7941, 5.11639e+19
7945, 4.87681e+19
7948, 4.57566e+19
7951, 4.08896e+19
7954, 3.83112e+19
7958, 3.61826e+19
7961, 3.61826e+19
7965, 3.4166e+19
7966, 3.4166e+19
7968, 3.19651e+19
7978, 3.01571e+19
7981, 2.84462e+19
7983, 2.71188e+19
7985, 2.38507e+19
7993, 2.35962e+19
7997, 2.35962e+19
7999, 2.22294e+19
8005, 1.94977e+19
8012, 1.72629e+19
8014, 1.624e+19
8016, 1.624e+19
8023, 1.54981e+19
8024, 1.5276e+19
8027, 1.5276e+19
8029, 1.50827e+19
8030, 1.50827e+19
8032, 1.43679e+19
8046, 1.43679e+19
8049, 1.35128e+19
8055, 1.35128e+19
8056, 1.35128e+19
8057, 1.27079e+19
8058, 1.17574e+19
8060, 1.10455e+19
8061, 1.10455e+19
8063, 1.05696e+19
8066, 9.74768e+18
8069, 8.6035e+18
8073, 7.91592e+18
8075, 7.91592e+18
8079, 7.42879e+18
8083, 7.28316e+18
8085, 6.97233e+18
8094, 6.70075e+18
8097, 6.27326e+18
8102, 5.49879e+18
8107, 5.39011e+18
8109, 5.29657e+18
8110, 5.29657e+18
8114, 5.04012e+18
8115, 5.04012e+18
8116, 4.71306e+18
8120, 4.40762e+18
8121, 4.40762e+18
8123, 4.31408e+18
8125, 4.31408e+18
8134, 4.23377e+18
8137, 3.87991e+18
8139, 3.68275e+18
8149, 3.68275e+18
8150, 3.61398e+18
8158, 3.61398e+18
8162, 3.13511e+18
8168, 2.92007e+18
8173, 2.92007e+18
8177, 2.71998e+18
8184, 2.66125e+18
8188, 2.61124e+18
8193, 2.4752e+18
8196, 2.30231e+18
8200, 2.30231e+18
8201, 2.2523e+18
8204, 2.14176e+18
8205, 2.14176e+18
8206, 2.09175e+18
8211, 1.99278e+18
8213, 1.85463e+18
8215, 1.85463e+18
8231, 1.72662e+18
8234, 1.55807e+18
8244, 1.55807e+18
8247, 1.55807e+18
8249, 1.44839e+18
8254, 1.30452e+18
8256, 1.30452e+18
8260, 1.21083e+18
8262, 1.16681e+18
8263, 1.12435e+18
8264, 9.45829e+17
8265, 8.83545e+17
8267, 8.83545e+17
8271, 8.763e+17
8272, 8.2629e+17
8275, 8.2629e+17
8277, 7.31244e+17
8280, 6.82994e+17
8282, 6.38762e+17
8285, 6.38762e+17
8287, 6.38762e+17
8290, 5.98253e+17
8291, 5.98253e+17
8292, 5.61189e+17
8294, 4.96377e+17
8304, 4.60432e+17
8309, 4.60432e+17
8311, 4.30099e+17
8312, 4.30099e+17
8313, 3.76172e+17
8320, 3.52771e+17
8322, 3.50659e+17
8334, 3.31495e+17
8337, 3.12175e+17
8341, 2.86662e+17
8343, 2.69137e+17
8354, 2.69137e+17
8362, 2.47751e+17
8371, 2.47751e+17
8373, 2.31874e+17
8375, 2.31874e+17
8377, 1.99644e+17
8381, 1.71794e+17
8383, 1.60077e+17
8386, 1.60077e+17
8388, 1.54877e+17
8389, 1.49516e+17
8391, 1.46333e+17
8394, 1.38664e+17
8396, 1.31791e+17
8399, 1.31791e+17
8403, 1.20146e+17
8406, 1.05279e+17
8409, 1.00377e+17
8411, 9.60122e+16
8413, 8.36863e+16
8417, 8.36863e+16
8421, 7.98057e+16
8422, 7.98057e+16
8425, 7.63618e+16
8426, 7.63618e+16
8427, 7.33111e+16
8433, 7.33111e+16
8434, 7.33111e+16
8437, 6.8233e+16
8439, 6.8233e+16
8441, 5.59579e+16
8442, 5.59579e+16
8443, 5.59578e+16
8445, 5.41149e+16
8447, 5.24985e+16
8449, 5.24985e+16
8451, 5.10838e+16
8453, 4.98484e+16
8457, 4.87722e+16
8465, 4.14783e+16
8469, 4.14783e+16
8474, 4.04021e+16
8476, 4.04021e+16
8479, 3.94668e+16
8480, 3.94668e+16
8486, 3.8656e+16
8489, 3.7955e+16
8496, 3.79549e+16
8498, 3.73504e+16
8500, 3.11017e+16
8516, 3.04971e+16
8518, 2.99773e+16
8534, 2.95315e+16
8563, 2.95315e+16
8573, 2.91505e+16
8575, 2.88258e+16
8591, 2.88258e+16
8598, 2.855e+16
8600, 2.855e+16
8604, 2.855e+16
8605, 2.83165e+16
8609, 2.81196e+16
8614, 2.81196e+16
8634, 2.81196e+16
8648, 2.79541e+16
8653, 2.79541e+16
8672, 2.78155e+16
8675, 2.78155e+16
8677, 2.78155e+16
8679, 2.77e+16
8681, 2.23682e+16
8683, 2.22296e+16
8685, 2.21141e+16
8692, 2.21141e+16
8695, 1.76983e+16
8714, 1.74869e+16
8719, 1.74869e+16
8723, 1.74076e+16
19028, 1.73395e+16
19029, 1.73129e+16
19039, 1.73129e+16
19045, 1.73129e+16
19046, 1.73129e+16
19047, 1.73129e+16
19049, 1.73097e+16
19052, 1.36553e+16
19053, 1.36553e+16
19054, 1.36553e+16
19057, 1.36553e+16
19058, 1.36553e+16
19059, 1.06947e+16
19062, 1.06736e+16
19066, 1.06735e+16
19068, 1.06548e+16
19072, 8.30629e+15
19073, 8.30629e+15
19083, 8.30628e+15
19091, 8.30334e+15
19096, 8.28964e+15
19098, 6.42745e+15
19099, 6.42744e+15
19109, 6.41273e+15
19116, 6.39975e+15
19122, 4.9431e+15
19126, 4.92719e+15
19128, 4.92719e+15
19132, 4.92719e+15
19133, 4.92719e+15
19138, 3.77477e+15
19141, 3.77476e+15
19144, 2.89014e+15
19145, 2.87715e+15
19149, 2.87715e+15
19150, 2.87715e+15
19151, 2.87441e+15
19152, 2.87441e+15
19153, 2.87186e+15
19161, 2.16881e+15
19163, 2.16881e+15
19168, 1.65787e+15
19169, 1.65787e+15
19170, 1.65549e+15
19176, 1.65549e+15
19180, 1.24982e+15
19187, 1.23684e+15
19189, 1.23684e+15
19192, 9.19135e+14
19201, 9.19129e+14
19204, 9.06879e+14
19217, 6.79948e+14
19233, 6.73521e+14
19234, 6.71148e+14
19236, 6.71143e+14
19238, 6.68935e+14
19239, 6.68935e+14
19240, 6.68935e+14
19246, 6.61243e+14
19255, 4.99158e+14
19257, 4.99158e+14
19261, 4.97112e+14
19265, 4.97106e+14
19266, 4.97106e+14
19267, 4.95195e+14
19268, 4.9519e+14
19271, 4.93428e+14
19275, 4.87504e+14
19282, 3.62993e+14
19297, 3.47052e+14
19300, 3.41993e+14
19302, 3.41993e+14
19314, 3.41993e+14
19316, 3.37625e+14
19317, 3.37625e+14
19318, 3.37625e+14
19320, 3.37625e+14
19324, 3.37625e+14
19326, 2.4732e+14
19327, 1.86963e+14
19329, 1.82595e+14
19331, 1.36796e+14
19333, 1.34666e+14
19338, 1.34661e+14
19346, 1.33023e+14
19351, 1.33023e+14
19352, 1.31433e+14
19353, 1.31433e+14
19355, 1.29795e+14
19369, 1.28278e+14
19379, 1.28278e+14
19381, 1.28273e+14
19383, 9.95417e+13
19385, 9.63137e+13
19388, 9.49059e+13
19390, 7.29335e+13
19394, 7.01621e+13
19396, 4.30599e+13
19398, 4.10499e+13
19444, 3.85653e+13
19445, 3.85653e+13
19446, 3.85653e+13
19453, 3.68627e+13
19454, 3.68627e+13
19457, 3.54363e+13
19462, 3.04277e+13
19463, 3.04277e+13
19464, 3.01935e+13
19465, 2.89964e+13
19476, 2.63188e+13
19490, 2.37582e+13
19496, 2.37533e+13
19497, 2.37533e+13
19500, 2.07676e+13
19508, 2.00166e+13
19511, 2.00166e+13
19517, 1.95661e+13
19523, 1.90172e+13
19525, 1.8467e+13
19529, 1.74627e+13
19531, 1.65515e+13
19533, 1.55348e+13
19540, 1.55295e+13
19561, 1.55295e+13
19564, 1.46943e+13
19565, 1.46943e+13
19570, 1.41767e+13
19611, 1.37493e+13
19620, 1.30624e+13
19623, 1.30579e+13
19627, 1.25395e+13
19634, 1.16754e+13
19649, 1.14136e+13
19671, 1.14136e+13
19691, 1.14136e+13
19696, 1.14136e+13
19717, 1.14092e+13
19727, 1.08399e+13
19742, 1.01166e+13
19747, 1.01166e+13
19752, 1.01166e+13
19758, 9.5937e+12
19785, 9.45428e+12
19791, 9.45428e+12
36999, 9.27013e+12
37001, 8.53773e+12
37013, 8.36541e+12
37015, 7.86117e+12
37020, 7.40211e+12
37022, 6.98475e+12
37028, 6.77826e+12
37043, 6.77826e+12
37046, 6.26248e+12
37062, 6.097e+12
37064, 5.78628e+12
37073, 5.78625e+12
37076, 5.78625e+12
37077, 5.78625e+12
37079, 5.67114e+12
37081, 5.50564e+12
37082, 5.50564e+12
37083, 5.50562e+12
37084, 5.50562e+12
37085, 5.09366e+12
37093, 4.94123e+12
37097, 4.86589e+12
37099, 4.86587e+12
37101, 4.6612e+12
37113, 4.66119e+12
37116, 4.47769e+12
37118, 4.47769e+12
37120, 4.47767e+12
37121, 4.47767e+12
37128, 4.32523e+12
37130, 4.32521e+12
37151, 4.22227e+12
37161, 3.90437e+12
37169, 3.74015e+12
37174, 3.72791e+12
37181, 3.59352e+12
37185, 3.46475e+12
37187, 3.46475e+12
37188, 3.46475e+12
37189, 3.46475e+12
37190, 3.33408e+12
37192, 3.21074e+12
37195, 3.21073e+12
37198, 3.09459e+12
37200, 3.09458e+12
37203, 3.09457e+12
37205, 2.99154e+12
37213, 2.87345e+12
37219, 2.87344e+12
37220, 2.87344e+12
37229, 2.76042e+12
37238, 2.76042e+12
37240, 2.65229e+12
37242, 2.56113e+12
37243, 2.56113e+12
37252, 2.48069e+12
37255, 2.48068e+12
37258, 2.37728e+12
37261, 2.37727e+12
37268, 2.37727e+12
37271, 2.37726e+12
37274, 2.27842e+12
37277, 2.20762e+12
37283, 2.20761e+12
37285, 2.20761e+12
37288, 2.05101e+12
37292, 2.02294e+12
37293, 2.02293e+12
37303, 2.02293e+12
37304, 2.02293e+12
37309, 1.9608e+12
37316, 1.96079e+12
37318, 1.87464e+12
37325, 1.79244e+12
37329, 1.79243e+12
37335, 1.79243e+12
37337, 1.714e+12
37341, 1.65962e+12
37345, 1.65961e+12
37352, 1.65961e+12
37353, 1.65961e+12
37360, 1.63922e+12
37361, 1.63922e+12
37364, 1.58484e+12
37370, 1.58484e+12
37372, 1.51357e+12
37374, 1.46612e+12
37388, 1.46611e+12
37389, 1.46611e+12
37391, 1.4661e+12
37392, 1.4661e+12
37403, 1.42482e+12
37410, 1.39821e+12
37411, 1.3982e+12
37414, 1.3982e+12
37418, 1.35693e+12
37425, 1.33357e+12
37430, 1.29229e+12
37437, 1.29228e+12
37464, 1.29228e+12
37466, 1.2565e+12
37477, 1.2565e+12
37683, 1.19495e+12
92222, 8.89436e+11
92225, 8.89436e+11
92230, 8.87023e+11
92233, 8.3668e+11
92235, 8.34152e+11
92237, 7.86351e+11
92242, 7.86294e+11
92245, 7.86268e+11
92247, 7.38628e+11
92248, 7.38628e+11
92249, 7.36216e+11
92250, 7.36216e+11
92261, 7.36189e+11
92263, 7.35397e+11
92265, 6.89942e+11
92270, 6.89938e+11
92277, 6.47281e+11
92280, 6.47281e+11
92287, 6.47281e+11
92289, 6.47063e+11
92291, 6.47059e+11
92293, 6.47008e+11
92294, 6.47008e+11
92295, 6.06372e+11
92307, 5.67879e+11
92313, 5.67879e+11
92316, 5.67878e+11
92318, 5.31451e+11
92328, 5.31449e+11
92331, 5.31448e+11
92333, 5.31448e+11
92335, 4.96988e+11
92336, 4.96988e+11
92345, 4.96988e+11
92349, 4.96986e+11
92366, 4.64411e+11
92371, 4.33633e+11
92393, 4.33632e+11
92399, 4.33632e+11
92400, 4.33631e+11
92403, 4.04573e+11
92405, 4.04573e+11
92407, 3.77155e+11
92408, 3.77155e+11
92414, 3.77154e+11
92416, 3.51304e+11
92428, 3.51303e+11
92429, 3.51303e+11
92430, 3.51303e+11
92431, 3.51303e+11
92433, 3.26946e+11
92440, 3.26946e+11
92445, 3.26946e+11
92448, 3.04012e+11
92458, 3.04011e+11
92472, 3.04011e+11
92476, 3.04011e+11
92482, 2.82434e+11
92485, 2.82434e+11
92493, 2.62149e+11
92495, 2.62149e+11
92496, 2.62148e+11
92499, 2.62148e+11
92516, 2.62148e+11
92524, 2.43091e+11
92536, 2.25204e+11
92675, 2.25204e+11
92685, 2.25204e+11
92694, 2.25204e+11
92696, 2.25203e+11
92713, 2.08426e+11
92716, 2.08426e+11
92717, 2.08426e+11
92721, 1.92704e+11
92723, 1.92704e+11
92725, 1.92704e+11
92728, 1.92704e+11
92736, 1.92704e+11
92743, 1.77982e+11
92749, 1.77982e+11
92751, 1.77982e+11
92756, 1.77982e+11
92759, 1.77982e+11
92766, 1.77982e+11
92774, 1.77982e+11
92794, 1.77982e+11
92797, 1.6421e+11
92813, 1.6421e+11
92844, 1.6421e+11
92854, 1.51338e+11
92856, 1.51338e+11
92902, 1.51338e+11
92922, 1.51338e+11
92934, 1.51338e+11
92943, 1.51337e+11
93318, 1.51337e+11
