
1, 3.43747e+19
3, 3.23581e+19
7, 3.23578e+19
9, 2.86401e+19
21, 2.86401e+19
23, 2.69291e+19
25, 2.53106e+19
28, 2.38387e+19
30, 2.38387e+19
33, 2.10256e+19
36, 2.09668e+19
39, 1.84573e+19
43, 1.73072e+19
46, 1.62226e+19
48, 1.61724e+19
50, 1.51995e+19
55, 1.51993e+19
61, 1.42353e+19
62, 1.42353e+19
65, 1.42351e+19
68, 1.33272e+19
70, 1.24218e+19
74, 1.16672e+19
76, 1.1667e+19
79, 1.01977e+19
83, 9.52853e+18
85, 8.9001e+18
86, 8.9001e+18
89, 8.30986e+18
93, 7.29487e+18
98, 6.74921e+18
99, 6.74921e+18
102, 6.74921e+18
104, 6.29275e+18
106, 5.86527e+18
110, 5.41533e+18
111, 5.41512e+18
116, 5.04079e+18
118, 4.64833e+18
141, 4.36374e+18
143, 4.32128e+18
149, 4.05811e+18
152, 4.01584e+18
154, 3.73075e+18
155, 3.73075e+18
156, 3.02842e+18
160, 3.02842e+18
162, 2.86359e+18
163, 2.86359e+18
164, 2.81358e+18
166, 2.81338e+18
168, 2.42723e+18
171, 2.25455e+18
176, 2.25434e+18
177, 2.25434e+18
179, 2.0938e+18
183, 1.99483e+18
186, 1.85649e+18
188, 1.72847e+18
190, 1.67846e+18
192, 1.55975e+18
194, 1.55975e+18
196, 1.50008e+18
197, 1.50008e+18
198, 1.4574e+18
199, 1.39884e+18
203, 1.39884e+18
204, 1.39884e+18
206, 1.39884e+18
208, 1.34866e+18
211, 1.25515e+18
213, 1.25515e+18
214, 1.25515e+18
215, 1.16886e+18
219, 1.16867e+18
221, 1.13891e+18
223, 1.13891e+18
225, 1.0889e+18
227, 1.06539e+18
231, 9.97693e+17
234, 9.35599e+17
238, 9.35408e+17
241, 7.75559e+17
249, 7.2731e+17
262, 7.27134e+17
263, 6.00106e+17
264, 5.63042e+17
266, 5.63042e+17
275, 5.63042e+17
277, 5.27097e+17
278, 5.27097e+17
280, 5.26922e+17
286, 4.93044e+17
287, 4.93044e+17
288, 4.62887e+17
289, 4.62887e+17
290, 4.31777e+17
298, 3.78223e+17
299, 3.78223e+17
302, 3.52704e+17
306, 3.31126e+17
309, 3.29111e+17
311, 3.28936e+17
317, 3.07725e+17
320, 2.86274e+17
321, 2.86274e+17
323, 2.67129e+17
326, 2.49604e+17
330, 2.33727e+17
333, 2.19552e+17
336, 2.19552e+17
337, 2.19552e+17
338, 2.06378e+17
340, 2.06203e+17
341, 2.06203e+17
345, 1.76797e+17
349, 1.76622e+17
358, 1.66061e+17
373, 1.5673e+17
376, 1.5673e+17
390, 1.5673e+17
396, 1.48186e+17
406, 1.33143e+17
417, 1.2565e+17
420, 1.25474e+17
423, 1.18602e+17
424, 1.18602e+17
426, 1.12627e+17
429, 1.12451e+17
431, 9.99648e+16
433, 9.46305e+16
436, 7.5025e+16
438, 7.11444e+16
444, 6.77006e+16
448, 6.29349e+16
449, 5.94911e+16
451, 5.94911e+16
459, 5.37428e+16
461, 5.35822e+16
464, 5.13622e+16
469, 4.67289e+16
471, 4.45089e+16
473, 4.45089e+16
475, 4.24122e+16
478, 4.04087e+16
480, 3.87922e+16
482, 3.86452e+16
487, 3.46758e+16
488, 3.46758e+16
490, 3.30593e+16
493, 3.16446e+16
500, 3.16446e+16
501, 3.16446e+16
502, 3.05563e+16
505, 3.05563e+16
507, 2.85448e+16
522, 2.83978e+16
530, 2.40135e+16
532, 2.40135e+16
540, 2.05166e+16
542, 2.05166e+16
543, 2.05166e+16
552, 1.95452e+16
557, 1.95452e+16
559, 1.95452e+16
560, 1.95452e+16
582, 1.95452e+16
584, 1.93982e+16
586, 1.93982e+16
587, 1.93982e+16
588, 1.88441e+16
593, 1.86971e+16
595, 1.80926e+16
598, 1.57602e+16
600, 1.45014e+16
7515, 1.17227e+16
7561, 1.17223e+16
7566, 1.1722e+16
7568, 1.17217e+16
7588, 1.17217e+16
7593, 1.15991e+16
7602, 1.1599e+16
7605, 1.1599e+16
7608, 1.1487e+16
7609, 1.1487e+16
7610, 1.14869e+16
7611, 9.03963e+15
7616, 9.03963e+15
7618, 7.17743e+15
7621, 7.17742e+15
7625, 5.70779e+15
7628, 4.55536e+15
7631, 4.55536e+15
7634, 3.65775e+15
7635, 3.65775e+15
7638, 3.56501e+15
7640, 3.56501e+15
7641, 3.56501e+15
7643, 3.48076e+15
7647, 2.87084e+15
7648, 2.87084e+15
7649, 2.87084e+15
7653, 2.33804e+15
7659, 2.33804e+15
7662, 2.25379e+15
7666, 1.93237e+15
7668, 1.62609e+15
7669, 1.62609e+15
7670, 1.62609e+15
7671, 1.62609e+15
7677, 1.62609e+15
7680, 1.39695e+15
7684, 1.39695e+15
7686, 1.14292e+15
7689, 1.14292e+15
7696, 1.14292e+15
7702, 1.06646e+15
7704, 9.41955e+14
7705, 9.41954e+14
7708, 8.51648e+14
7710, 7.82375e+14
7715, 7.82375e+14
7717, 7.82375e+14
7721, 7.82375e+14
7722, 7.82375e+14
7730, 7.82375e+14
7732, 7.82375e+14
7738, 7.82374e+14
7740, 7.82374e+14
7764, 7.17649e+14
7765, 7.17649e+14
7768, 7.17649e+14
7770, 6.54968e+14
7778, 6.54968e+14
7781, 6.54968e+14
7787, 5.52533e+14
7795, 5.52533e+14
7797, 5.01438e+14
7799, 5.01438e+14
7801, 5.01438e+14
7802, 5.01438e+14
7804, 4.5541e+14
7807, 4.23446e+14
7812, 4.0147e+14
7815, 3.60074e+14
7816, 3.60074e+14
7820, 3.60074e+14
7829, 3.60074e+14
7830, 3.60074e+14
7859, 3.44881e+14
7861, 3.22904e+14
7865, 3.22904e+14
7870, 3.22904e+14
7877, 3.08037e+14
7880, 2.89584e+14
7882, 2.74718e+14
7883, 2.74718e+14
7887, 2.44902e+14
7888, 2.44902e+14
7890, 2.44902e+14
7893, 2.35022e+14
7894, 2.35022e+14
7900, 2.1827e+14
7905, 1.94524e+14
7910, 1.84644e+14
7912, 1.63513e+14
7922, 1.63513e+14
7925, 1.63513e+14
7926, 1.63513e+14
7929, 1.44745e+14
7931, 1.38306e+14
7932, 1.38306e+14
7953, 1.38306e+14
7955, 1.38306e+14
7957, 1.38305e+14
7959, 1.28112e+14
7960, 1.28112e+14
7961, 1.2328e+14
7964, 1.2328e+14
7970, 1.13399e+14
7976, 1.13399e+14
7982, 1.13399e+14
7983, 1.13399e+14
7985, 9.39759e+13
7996, 8.98671e+13
8001, 8.9867e+13
8003, 8.9867e+13
8019, 8.25439e+13
24954, 6.50315e+13
24955, 6.12403e+13
24957, 4.94043e+13
24959, 4.89994e+13
24962, 4.31783e+13
24966, 3.97012e+13
24969, 3.97012e+13
24971, 3.2916e+13
24977, 3.2915e+13
24979, 2.65435e+13
24987, 2.65435e+13
24992, 2.64481e+13
24993, 2.64481e+13
24994, 2.58194e+13
24997, 2.34243e+13
25003, 2.34243e+13
25010, 2.24524e+13
25016, 2.16835e+13
25020, 2.16681e+13
25021, 2.06514e+13
25024, 2.00939e+13
25029, 1.93296e+13
25030, 1.92342e+13
25036, 1.91099e+13
25039, 1.91026e+13
25042, 1.84292e+13
25050, 1.82331e+13
25053, 1.7822e+13
25060, 1.73362e+13
25064, 1.70987e+13
25066, 1.62351e+13
25078, 1.58937e+13
25080, 1.52882e+13
25082, 1.45285e+13
25083, 1.41759e+13
25085, 1.41165e+13
25086, 1.40805e+13
25088, 1.38715e+13
25089, 1.38715e+13
25090, 1.33984e+13
25095, 1.29231e+13
25111, 1.28748e+13
25113, 1.24873e+13
25115, 1.23814e+13
25118, 1.16355e+13
25159, 1.15397e+13
25162, 1.11352e+13
25177, 1.07823e+13
25180, 1.06588e+13
25181, 1.06107e+13
25183, 1.06007e+13
25188, 1.05948e+13
25190, 1.05948e+13
25192, 9.88938e+12
25194, 9.66665e+12
25202, 9.61239e+12
25215, 9.59461e+12
25217, 9.58807e+12
25220, 9.56988e+12
25221, 9.56988e+12
25222, 9.1902e+12
25225, 9.02091e+12
25242, 8.77622e+12
25246, 8.70848e+12
25248, 8.50526e+12
25249, 8.45539e+12
25251, 8.27746e+12
25258, 8.15104e+12
25267, 8.1276e+12
25270, 8.12489e+12
25273, 7.6999e+12
25275, 7.6999e+12
25283, 7.59845e+12
25284, 7.51868e+12
25295, 7.51118e+12
25304, 7.31173e+12
25306, 7.31173e+12
25309, 7.00743e+12
25314, 6.93226e+12
25316, 6.7781e+12
25319, 6.71877e+12
25320, 6.71877e+12
25324, 6.67643e+12
25325, 6.67643e+12
25327, 6.5321e+12
25329, 6.45828e+12
25334, 6.27628e+12
25336, 6.26622e+12
25339, 5.90841e+12
25342, 5.68443e+12
25346, 5.5952e+12
25355, 5.51019e+12
25357, 5.50007e+12
25363, 5.46408e+12
25366, 5.4495e+12
25371, 5.29925e+12
25372, 5.29925e+12
25373, 5.29925e+12
25381, 5.21834e+12
25383, 5.0689e+12
25387, 5.0516e+12
25389, 5.0516e+12
25391, 5.04645e+12
25393, 4.8656e+12
25400, 4.86424e+12
25402, 4.74115e+12
25403, 4.73979e+12
25404, 4.73533e+12
25405, 4.73253e+12
25411, 4.61558e+12
25413, 4.43553e+12
25414, 4.43474e+12
25417, 4.43092e+12
25418, 4.42957e+12
25419, 4.25854e+12
25425, 4.15147e+12
25427, 4.15068e+12
25434, 4.15068e+12
25435, 4.08818e+12
25443, 3.98594e+12
25450, 3.82975e+12
25455, 3.82707e+12
25456, 3.82707e+12
25458, 3.82571e+12
25460, 3.7386e+12
25462, 3.58536e+12
25474, 3.4459e+12
25476, 3.43993e+12
25482, 3.30108e+12
25487, 3.17191e+12
25492, 3.09146e+12
25494, 3.08625e+12
25499, 3.01544e+12
25500, 3.01544e+12
25530, 3.01544e+12
25533, 3.01061e+12
25544, 3.01004e+12
25546, 2.95571e+12
25548, 2.88369e+12
25550, 2.82154e+12
25551, 2.82154e+12
25555, 2.82154e+12
25561, 2.82093e+12
25562, 2.82093e+12
25564, 2.76653e+12
25567, 2.76653e+12
25592, 2.76351e+12
25602, 2.65032e+12
25605, 2.64381e+12
25607, 2.60225e+12
25615, 2.59574e+12
25616, 2.59574e+12
25634, 2.4774e+12
90868, 1.70973e+12
90873, 1.62443e+12
90880, 1.31878e+12
90882, 1.31839e+12
90884, 1.21181e+12
90887, 9.2991e+11
90892, 6.78219e+11
90895, 6.67402e+11
90897, 5.43541e+11
90902, 4.77233e+11
90909, 3.65844e+11
90917, 3.59457e+11
90919, 2.97884e+11
90920, 2.86671e+11
90923, 2.8061e+11
90924, 2.801e+11
90927, 2.27575e+11
90934, 2.17126e+11
90945, 1.99279e+11
90947, 1.8658e+11
90950, 1.68975e+11
90961, 1.60104e+11
90962, 1.60104e+11
90963, 1.57876e+11
90964, 1.57876e+11
90968, 1.55765e+11
90969, 1.5032e+11
90985, 1.4977e+11
90987, 1.46156e+11
90990, 1.41263e+11
90995, 1.41263e+11
90997, 1.3791e+11
91002, 1.30628e+11
91004, 1.20081e+11
91010, 1.12235e+11
91011, 1.12235e+11
91019, 1.07484e+11
91025, 1.06312e+11
91027, 1.06277e+11
91028, 1.06275e+11
91030, 9.96537e+10
91035, 9.84674e+10
91037, 9.15181e+10
91038, 9.15158e+10
91039, 8.83396e+10
91047, 8.21414e+10
91086, 7.66926e+10
91091, 7.53347e+10
91093, 7.2572e+10
91117, 7.20411e+10
91121, 7.20388e+10
91126, 7.04093e+10
91138, 6.99214e+10
91140, 6.95457e+10
91142, 6.68614e+10
91152, 6.5902e+10
91197, 6.27292e+10
91211, 6.27192e+10
91212, 6.27187e+10
91250, 6.2082e+10
91259, 6.16338e+10
91269, 6.12083e+10
91293, 6.12003e+10
91295, 6.11987e+10
91298, 6.11987e+10
91313, 6.11985e+10
91322, 6.11984e+10
91329, 6.11964e+10
91335, 6.097e+10
91337, 6.07803e+10
