
1, 3997.97
3, 3996
4, 3994.15
7, 3992.73
8, 3991.84
11, 3988.48
15, 3980.87
17, 3978.25
18, 3977.64
22, 3976.24
23, 3975.45
24, 3969.45
26, 3965.58
28, 3956.97
35, 3952.65
36, 3948.3
38, 3939.94
41, 3929.11
44, 3925.67
45, 3925.4
46, 3919.45
50, 3917.4
51, 3917.23
54, 3904.57
57, 3899.1
60, 3887.51
64, 3885.5
68, 3881.06
72, 3879.49
73, 3877.36
75, 3874.51
78, 3869.86
83, 3863.72
85, 3861.98
87, 3859.59
91, 3852.1
93, 3849.71
95, 3840.77
98, 3840.44
101, 3830.35
104, 3826.55
106, 3821.06
108, 3817.72
111, 3817.06
115, 3810.78
117, 3810.01
118, 3809.5
119, 3792.08
123, 3786.35
124, 3777.83
127, 3772.02
132, 3751.49
135, 3745.53
137, 3741.17
140, 3738.22
142, 3735.84
144, 3735.07
145, 3734.85
146, 3733.48
148, 3728.79
152, 3719.95
157, 3719.75
158, 3719.68
159, 3715.42
162, 3707.64
165, 3706.78
171, 3702.28
173, 3700.38
175, 3698.22
177, 3696.16
178, 3691.59
182, 3688.19
186, 3685.31
188, 3685.27
189, 3683.85
190, 3674.11
193, 3670.46
195, 3667.98
198, 3664.83
200, 3656.21
203, 3655.27
204, 3655.24
206, 3652.75
210, 3646.07
212, 3640.8
215, 3629.3
218, 3628.26
224, 3625.16
226, 3612.5
228, 3612.4
230, 3604.07
236, 3600.47
237, 3600.3
238, 3594.33
240, 3591.37
244, 3582.09
246, 3581.64
247, 3580.74
249, 3579.11
250, 3578.73
251, 3574.86
256, 3572.81
261, 3567.46
263, 3557.78
268, 3557.1
269, 3556.03
270, 3555.31
271, 3551.94
273, 3549.48
280, 3548.72
288, 3545.5
290, 3541.15
293, 3539.01
295, 3536.62
299, 3535.82
300, 3533.39
305, 3532.5
306, 3532.41
307, 3529.77
312, 3527.56
316, 3526.66
317, 3526.47
319, 3523.58
323, 3519.46
326, 3517.88
329, 3517.87
330, 3516.59
332, 3509.46
336, 3508.5
337, 3500.04
342, 3499.67
343, 3499.3
345, 3496.46
349, 3484.88
358, 3484.18
361, 3484.05
362, 3481.26
363, 3480.83
364, 3479.37
365, 3476.57
367, 3469.14
643, 3463.57
650, 3455.32
665, 3454.52
667, 3453.16
669, 3452.01
673, 3448.94
682, 3445.69
687, 3442.08
693, 3437.94
704, 3435.7
713, 3433.91
717, 3432.23
722, 3431.36
726, 3427.77
730, 3425.22
736, 3422.5
744, 3422.3
746, 3420.74
756, 3419.35
759, 3417.77
761, 3416.92
766, 3415.7
768, 3414.42
770, 3413.78
772, 3410.76
784, 3408.72
806, 3408.43
810, 3405.07
818, 3403.17
820, 3401.21
836, 3400.34
841, 3395.1
866, 3394.56
870, 3393.86
877, 3393.2
880, 3392.24
887, 3388.68
897, 3387
914, 3386.99
923, 3386.84
926, 3386.3
934, 3384.67
938, 3384.04
946, 3383.77
950, 3382.53
969, 3382.42
971, 3382.27
988, 3380.55
991, 3379.08
1010, 3376.21
7936, 3254.46
7939, 3250.02
7941, 3242.69
7943, 3237.53
7944, 3237.32
7945, 3231.25
7947, 3221.04
7950, 3219.56
7951, 3218.04
7952, 3208.01
7954, 3207.11
7955, 3205.71
7958, 3205.53
7959, 3203.09
7960, 3196.55
7963, 3193.25
7969, 3188.41
7973, 3185.68
7974, 3185.61
7975, 3182.15
7980, 3181.43
7981, 3180.91
7982, 3179.08
7984, 3178.78
7985, 3178.37
7987, 3175.62
7989, 3172.64
7992, 3171.01
7996, 3169.46
7998, 3169.19
7999, 3168.6
8000, 3168.01
8001, 3167.81
8003, 3166.6
8006, 3166.39
8007, 3166.15
8009, 3163.38
8011, 3161.06
8015, 3160.3
8016, 3158.74
8020, 3156.61
8022, 3156.5
8023, 3156.03
8024, 3153.2
8031, 3150.91
8033, 3150.15
8035, 3147.98
8038, 3147.63
8045, 3145.93
8048, 3145.92
8049, 3145.24
8050, 3145.04
8052, 3144.87
8053, 3144.49
8058, 3144.39
8059, 3144.08
8061, 3143.41
8064, 3141.92
8074, 3140.76
8077, 3140.17
8090, 3138.7
8098, 3138.37
8117, 3138.05
8118, 3137.83
8120, 3137.75
8121, 3137.28
8136, 3136.45
8143, 3134.58
8145, 3133.67
8146, 3133.66
8151, 3132.19
8154, 3132.03
8155, 3131.27
8159, 3126.5
8163, 3126.2
8164, 3120.24
8165, 3118.6
8166, 3117.46
8167, 3113.02
8171, 3112.76
8172, 3111.88
8174, 3110.72
8175, 3110.71
8177, 3107.29
8179, 3106.69
8180, 3106.19
8184, 3099.68
8188, 3098.5
8189, 3095.59
8191, 3094.97
8192, 3094.48
8197, 3094.18
8198, 3093.83
8200, 3092.56
8205, 3091.11
8217, 3085.74
8225, 3082.46
8231, 3081.52
8235, 3079.93
8239, 3079.65
8240, 3079.27
8241, 3076.93
8245, 3074.72
8250, 3074.37
8260, 3073.55
8261, 3073.28
8263, 3073.1
8264, 3072.75
8266, 3072.52
8267, 3072.28
8286, 3071.8
8287, 3071.79
8289, 3071.12
8309, 3070.89
8310, 3070.88
8325, 3070.69
8326, 3070.65
9037, 3070.61
9038, 3070.57
9659, 3070.48
10712, 3070.48
10966, 3070.47
13920, 3070.47
13921, 3070.47
45572, 3070.46
45586, 3070.46
45587, 3070.46
52141, 3070.45
61136, 3070.45
88084, 2982.96
88086, 2979.13
88088, 2978.1
88089, 2977.95
88096, 2975.18
88099, 2971.64
88102, 2968.9
88103, 2968.65
88104, 2964.38
88109, 2962.17
88112, 2959.36
88115, 2958.52
88116, 2958.02
88117, 2952.8
88120, 2951.12
88121, 2950.44
88122, 2949.6
88123, 2944.43
88125, 2944.31
88126, 2943.25
88127, 2940.79
88129, 2936.43
88133, 2933.72
88135, 2932.99
88136, 2932.03
88138, 2931.53
88139, 2930.99
88142, 2929.78
88144, 2926.5
88147, 2924.79
88150, 2924.69
88151, 2924.02
88158, 2923.38
88159, 2923.06
88161, 2920.64
88164, 2915.7
88167, 2914.63
88169, 2913.91
88170, 2913.17
88177, 2911.91
88179, 2909.82
88181, 2908.69
88185, 2905.56
88188, 2904.93
88189, 2904.29
88190, 2904.07
88191, 2903.61
88192, 2903.41
88193, 2902.78
88194, 2902.69
88210, 2902
88214, 2901.56
88215, 2900.88
88219, 2894.93
88221, 2894.22
88222, 2894
88223, 2890.3
88225, 2887.69
88227, 2884.55
88231, 2882.57
88233, 2881.86
88234, 2881.49
88239, 2880.52
88240, 2880.11
88242, 2876.55
88245, 2876.19
88249, 2873.56
88253, 2872.12
88261, 2871.3
88262, 2870.62
88277, 2868.49
88288, 2866.41
88292, 2865.84
88293, 2865.74
88295, 2865.55
88296, 2865.1
88306, 2864.77
88307, 2864.66
88316, 2864.62
88317, 2864.4
88331, 2863.95
88332, 2863.8
88340, 2863.76
88341, 2863.49
88350, 2863.31
88351, 2863.18
88360, 2861.93
88364, 2861.54
88381, 2861.28
88382, 2861.25
88383, 2861.12
88406, 2860.67
88661, 2860.54
88702, 2860.48
89170, 2860.38
89231, 2860.27
90236, 2860.27
90242, 2860.27
90662, 2860.27
90663, 2860.26
90681, 2860.25
90950, 2860.25
91067, 2860.24
91107, 2860.24
92885, 2860.23
93096, 2860.22
93370, 2860.21
