
1, 7216.37
8, 7165.93
10, 7149.59
11, 7147.83
12, 7136.51
13, 7135.9
15, 7116.75
23, 7081.24
25, 7075.37
26, 7073.9
27, 7068.68
29, 7055.18
32, 7036.48
35, 7014.61
37, 7012.69
38, 7009.34
39, 6961.53
44, 6938.34
47, 6917.22
49, 6893.08
51, 6834.23
53, 6823.97
55, 6804.71
58, 6801.31
59, 6800.34
77, 6781.61
79, 6767.48
87, 6756.29
91, 6717.06
103, 6712.41
104, 6704
106, 6683.76
111, 6679.62
115, 6677.26
116, 6673.61
117, 6647.83
120, 6647.24
121, 6629.41
126, 6605.88
131, 6605.23
132, 6605.11
133, 6602.5
134, 6576.07
137, 6575.4
146, 6557.92
153, 6543.4
157, 6543.05
158, 6540.89
159, 6540.56
160, 6538.43
161, 6529.07
166, 6522.64
169, 6516.09
171, 6511.86
172, 6508.29
173, 6505.04
174, 6504.02
176, 6488.04
180, 6480.78
185, 6475.49
186, 6474.64
189, 6457.41
193, 6457.4
194, 6455.9
195, 6451.67
196, 6451.64
200, 6439.99
206, 6436.01
211, 6401.26
216, 6395.83
219, 6385.91
222, 6385.19
223, 6380.22
224, 6371.4
225, 6347.72
227, 6339.57
229, 6333.47
230, 6332.92
231, 6330.4
232, 6329.07
238, 6318.4
242, 6315.67
243, 6306.33
247, 6305.09
248, 6304.03
251, 6302.48
252, 6301.71
253, 6286.58
260, 6284.39
262, 6273.67
266, 6260.75
270, 6259.71
271, 6259.02
276, 6237.04
286, 6236.88
287, 6236.31
291, 6234.96
292, 6233.75
294, 6221.98
298, 6219.22
299, 6211.3
300, 6209.99
304, 6193.36
308, 6192.62
309, 6191.05
310, 6176.88
312, 6170.85
315, 6165.92
316, 6165.16
317, 6143.77
320, 6140.78
321, 6139.81
322, 6130.8
334, 6129.95
335, 6127.05
341, 6108.29
345, 6105.05
346, 6102.64
347, 6100.39
348, 6090.46
353, 6088.42
354, 6087.5
356, 6077.28
359, 6070.38
360, 6068.98
363, 6066.92
364, 6066.87
366, 6053.72
369, 6052.32
370, 6051.16
371, 6050.81
375, 6043.94
377, 6041.39
378, 6039.82
386, 6015.7
388, 6011.91
389, 6010.41
391, 6009.71
395, 6008.9
405, 6008.48
416, 6004.89
417, 6004.67
419, 5980.02
421, 5979.5
422, 5976.47
425, 5972.38
427, 5969.94
434, 5952.82
438, 5943.42
456, 5936.48
464, 5932.52
466, 5932.46
467, 5930.88
469, 5928.92
470, 5926.25
473, 5913.44
478, 5909.6
479, 5908.37
480, 5905.02
488, 5890.43
491, 5887.9
492, 5885.13
502, 5884.19
503, 5879.38
506, 5876.97
507, 5875.19
508, 5872.62
509, 5871.62
512, 5865.42
513, 5863.17
516, 5855.61
517, 5853.95
518, 5842.56
520, 5841
521, 5837.31
534, 5821.97
541, 5821.66
542, 5819.42
559, 5817.58
560, 5814.71
565, 5806.7
569, 5805.86
570, 5803.3
574, 5797.92
582, 5782.04
586, 5780.02
587, 5777.74
588, 5776.53
592, 5772.52
593, 5771.72
598, 5765.09
599, 5764.76
605, 5764.08
606, 5761.99
609, 5758.91
610, 5757.89
614, 5757.8
615, 5756.98
626, 5756.39
627, 5755.41
634, 5751.78
636, 5750.13
645, 5738.06
654, 5736.95
655, 5735.26
666, 5734.68
667, 5732.35
672, 5731.21
673, 5728.39
675, 5723.61
676, 5723.19
680, 5718.8
681, 5717.14
685, 5709.05
688, 5708.42
689, 5707.92
704, 5703
716, 5699.03
1254, 5698.07
1255, 5691.15
1263, 5688.71
1272, 5684.85
1273, 5684.19
1277, 5670.14
1280, 5668.67
1281, 5665.01
1282, 5664.43
1293, 5660.58
1294, 5660.55
1297, 5656.94
1298, 5656.45
1311, 5652.64
1312, 5652.58
1315, 5645.96
1362, 5644.7
1363, 5643.44
1366, 5642.49
1367, 5640.83
1400, 5637.55
1401, 5636.22
1458, 5636.07
1459, 5635.79
1766, 5635.48
2050, 5634.52
2259, 5634.21
2962, 5633.76
2965, 5633.52
3627, 5633.47
3789, 5633.44
3964, 5633.42
3965, 5633.4
9389, 4605.08
9393, 4570.07
9396, 4499.6
9398, 4450.43
9400, 4433.13
9401, 4432.33
9402, 4392.93
9408, 4369.16
9413, 4367.47
9414, 4362.31
9416, 4353.79
9417, 4353.78
9418, 4352.89
9419, 4350.09
9422, 4346.5
9425, 4317.08
9430, 4311.37
9431, 4310.52
9432, 4307.19
9433, 4307.01
9434, 4293.61
9436, 4277.97
9438, 4224.92
9440, 4221.45
9441, 4220.39
9442, 4219.07
9443, 4216.23
9445, 4202.8
9447, 4195.42
9449, 4173.7
9451, 4168.45
9455, 4165.02
9456, 4164.71
9457, 4144.16
9459, 4129.73
9462, 4121.79
9465, 4114.11
9467, 4088.5
9474, 4085.47
9476, 4067.24
9478, 4064.77
9481, 4043.46
9485, 4026.9
9487, 4023.23
9490, 4022.46
9491, 4010.05
9493, 3987.72
9498, 3984.49
9499, 3978.1
9500, 3965.31
9504, 3949.51
9507, 3947.45
9508, 3946.23
9510, 3922.57
9519, 3920.46
9521, 3908.85
9523, 3901.26
9528, 3898.51
9529, 3897.96
9531, 3877.48
9537, 3877.18
9539, 3848.13
9544, 3847.29
9545, 3845.63
9548, 3824.94
9552, 3806.96
9554, 3796.74
9559, 3795.7
9560, 3794.7
9576, 3787.36
9581, 3776.3
9585, 3761.02
9591, 3755.31
9594, 3751.93
9596, 3737.79
9599, 3736.53
9601, 3716.78
9604, 3709.1
9606, 3708.71
9607, 3707.49
9608, 3704.75
9609, 3704.74
9613, 3695.72
9617, 3695.04
9619, 3678.74
9624, 3678.55
9625, 3678.37
9626, 3669.2
9627, 3652.69
9630, 3646.74
9635, 3645.01
9636, 3644.41
9638, 3634.08
9641, 3626.35
9644, 3624.7
9645, 3617.08
9648, 3609.15
9651, 3607.47
9652, 3607.33
9653, 3589.41
9656, 3573.02
9662, 3569.64
9665, 3552.45
9667, 3548.72
9670, 3540.91
9672, 3535.67
9676, 3531.07
9678, 3520.15
9680, 3515.65
9682, 3497.7
9683, 3486.82
9691, 3485.17
9692, 3483.14
9694, 3475.82
9697, 3469.56
9699, 3465.49
9701, 3454.7
9704, 3451.57
9708, 3450.01
9709, 3448.93
9710, 3441.87
9712, 3439.55
9718, 3433.31
9720, 3432.1
9721, 3431.1
9728, 3420.32
9730, 3415.88
9735, 3412.18
9738, 3411.99
9740, 3410
9742, 3406.38
9745, 3405.98
9747, 3404
9749, 3394.47
9756, 3387.6
9759, 3383.64
9764, 3380.21
9784, 3375.79
9788, 3366.87
9792, 3364.88
9800, 3362.25
9804, 3358.21
9806, 3355.01
9811, 3354.67
9812, 3353.38
9821, 3353.36
9822, 3352.24
9827, 3349.47
9841, 3348.52
9846, 3348.43
9847, 3347.89
9849, 3345.24
9863, 3344.52
9864, 3344.06
9875, 3343.94
9876, 3343.56
9877, 3343.44
9898, 3343.38
9943, 3343.29
9944, 3343.25
10168, 3342.79
10227, 3342.71
10561, 3342.59
11013, 3342.57
11355, 3342.55
11521, 3342.48
11601, 3342.41
11815, 3342.35
12169, 3342.32
14976, 3342.28
16089, 3341.69
16114, 3341.33
16116, 3341.27
16123, 3340.11
16128, 3339.85
16139, 3339.11
16141, 3338.27
16157, 3337.36
16161, 3336.65
16179, 3335.63
16197, 3334.59
16215, 3334.3
16221, 3333.29
16234, 3332.53
16259, 3332.18
16261, 3330.51
16295, 3329.03
16326, 3328.61
16384, 3327.75
16406, 3327.37
16418, 3327.22
16420, 3326.81
16423, 3326.39
16473, 3325.96
16495, 3325.13
16539, 3324.8
16585, 3324.33
16616, 3324.22
16676, 3323.96
16718, 3323.7
16725, 3323.51
16815, 3323.2
16855, 3323.15
16919, 3323
