
1, 8468.03
3, 8435.84
6, 8412.3
9, 8383
16, 8362.23
18, 8345.71
21, 8328.85
23, 8302.75
25, 8241.9
27, 8220.61
28, 8220.43
29, 8190.47
33, 8118.09
35, 8114.63
36, 8110.51
37, 8076.63
41, 8056.63
43, 8052.21
44, 8051.08
46, 8032.55
51, 8021.52
53, 7987.04
57, 7970
58, 7959.83
60, 7933.38
62, 7907.33
67, 7845.63
69, 7774.28
74, 7771.39
78, 7739.33
85, 7712.28
87, 7684.2
91, 7675.88
96, 7652.7
98, 7622.31
106, 7608.06
109, 7593.19
111, 7587.06
124, 7584.55
125, 7584.54
127, 7567.1
137, 7565.32
138, 7549.59
142, 7506.7
145, 7432.05
149, 7373.09
153, 7367.21
155, 7314.5
164, 7300.11
169, 7229.94
174, 7200.21
177, 7169.03
181, 7139.41
183, 7138.42
185, 7120.85
188, 7112.91
190, 7069.24
195, 7047.79
202, 7018.62
206, 7017.53
210, 6981.86
215, 6975.46
219, 6969.83
221, 6941.9
226, 6920.87
228, 6905.87
230, 6877.66
232, 6853.15
236, 6836.07
238, 6833.84
240, 6821.47
243, 6817.57
245, 6805.39
249, 6796.1
251, 6786.17
253, 6760.24
257, 6710.72
264, 6662.18
266, 6647.16
274, 6615.33
282, 6598.81
287, 6593.88
289, 6581.86
294, 6577.12
299, 6554.65
304, 6549.46
308, 6537.27
310, 6478.24
316, 6477
325, 6453.76
330, 6413.87
347, 6377.3
349, 6375.26
354, 6353.35
367, 6335.08
373, 6308.28
378, 6285.89
384, 6268.28
386, 6245.14
398, 6242.43
405, 6215.93
409, 6202.19
411, 6196.73
418, 6189.5
423, 6174.9
426, 6172.61
436, 6158.54
439, 6158.5
447, 6122.4
458, 6114.49
463, 6113.44
477, 6084.23
489, 6081.96
491, 6080.89
494, 6075.14
499, 6059.64
503, 6052.77
505, 6041.42
513, 6009.8
516, 5989.12
538, 5972.77
546, 5971.61
557, 5969.79
563, 5946.69
587, 5933.9
602, 5929.35
605, 5920.28
608, 5916.22
620, 5905.5
627, 5905.36
645, 5887.02
672, 5884.79
674, 5883.56
686, 5873.53
707, 5872.97
711, 5863.81
717, 5863.39
719, 5859.98
721, 5859.37
736, 5856.47
744, 5851.85
753, 5850.13
764, 5838.66
782, 5838.26
796, 5828.1
801, 5822.6
817, 5815.85
826, 5807.34
839, 5806.76
880, 5803.47
888, 5800.38
898, 5798.83
915, 5791.88
928, 5785.77
956, 5784.96
970, 5781.68
974, 5778.94
1000, 5772.13
1034, 5767.85
1092, 5763.21
1112, 5758.71
1236, 5757.97
1325, 5752.18
9516, 5751.03
9521, 5736.26
9531, 5736.21
9534, 5726.92
9537, 5726.73
9538, 5724.79
9540, 5708.66
9544, 5698.23
9555, 5694.07
9557, 5686.37
9561, 5684.81
9562, 5682.47
9563, 5670.07
9565, 5662.79
9567, 5658.31
9568, 5655.88
9571, 5652.21
9572, 5650.55
9573, 5642.56
9577, 5640.05
9578, 5638
9591, 5637.73
9597, 5635.77
9598, 5635.38
9604, 5632.26
9605, 5631.56
9606, 5629.92
9607, 5628.8
9618, 5628.45
9625, 5618.52
9628, 5616.64
9629, 5615.15
9637, 5612.44
9638, 5611.68
9653, 5600.52
9658, 5599.27
9659, 5597.04
9660, 5586.61
9667, 5583.66
9668, 5582.61
9672, 5579.94
9674, 5571.19
9676, 5569.9
9677, 5568.75
9687, 5567.26
9688, 5565.91
9697, 5561.53
9698, 5560.27
9702, 5556.7
9703, 5554.41
9705, 5554.06
9707, 5544.35
9713, 5543.05
9717, 5536.19
9721, 5534.89
9722, 5532.58
9725, 5531.64
9726, 5526.98
9731, 5517.07
9737, 5507.81
9741, 5506.91
9742, 5504.49
9748, 5493.2
9754, 5492.85
9755, 5491.25
9769, 5479.9
9797, 5475.4
9804, 5470.51
9805, 5469.73
9806, 5465.42
9815, 5463.43
9816, 5462.15
9819, 5460.84
9820, 5458.94
9826, 5458.61
9827, 5457.78
9829, 5452.79
9830, 5452.3
9832, 5451.7
9842, 5442.86
9843, 5441.22
9849, 5432.93
9853, 5431.65
9854, 5430.15
9855, 5429.51
9856, 5429.12
9858, 5425.73
9859, 5422.43
9866, 5422.4
9868, 5413.22
9873, 5411.67
9874, 5411.46
9880, 5410.51
9881, 5408.33
9903, 5399.33
9911, 5395.14
9912, 5394.77
9920, 5394.56
9921, 5393.13
9926, 5378.17
9930, 5371.72
9937, 5364.42
9945, 5363.42
9946, 5361.37
9951, 5357.24
9958, 5351.56
9965, 5344.27
9975, 5333.95
10004, 5330.66
10005, 5329.93
10018, 5321.83
10029, 5316.58
10036, 5315.85
10037, 5311.3
10039, 5310.32
10040, 5309.23
10064, 5302.29
10066, 5301.5
10067, 5299.03
10075, 5297.63
10076, 5297.04
10087, 5296.91
10088, 5295.28
10104, 5294.82
10105, 5291.83
10110, 5291.18
10111, 5288.68
10112, 5279.52
10145, 5275.91
10153, 5274.86
10154, 5272.25
10161, 5272.1
10162, 5270.16
10175, 5269.54
10176, 5268.5
10178, 5260.86
10204, 5260.53
10205, 5258.89
10225, 5255.02
10226, 5253.96
10229, 5251.85
10230, 5251.46
10238, 5249
10239, 5247.99
10251, 5247.38
10252, 5246.04
10257, 5244.22
10258, 5242.97
10261, 5241.04
10262, 5240.01
10265, 5239.45
10266, 5237.63
10279, 5236.13
10280, 5235.17
10292, 5234.9
10293, 5233.05
10305, 5231.09
10306, 5230.62
10322, 5230.49
10323, 5228.64
10326, 5224.66
10367, 5223.66
10368, 5223.41
10373, 5219.4
10374, 5219.35
10377, 5217.42
10378, 5216.01
10425, 5213.95
10426, 5213.71
10437, 5212.49
10438, 5210.6
10441, 5210.38
10442, 5209.17
10450, 5205.97
10469, 5204.62
10470, 5204.43
10489, 5203.88
10490, 5202.74
10494, 5202.23
10495, 5200.83
10501, 5200.61
10502, 5199.45
10531, 5198.17
10532, 5197.16
10583, 5196.61
10584, 5195.3
10588, 5194.03
10589, 5193.54
10597, 5191.57
10598, 5191.02
10617, 5190.86
10618, 5189.35
10628, 5187.08
10629, 5186.39
10632, 5183.6
10643, 5182.96
10644, 5181.8
10673, 5181.35
10674, 5179.95
10680, 5178.86
10681, 5178.05
10694, 5176.89
10695, 5176.77
10705, 5173.57
10706, 5173.22
10718, 5171.56
10719, 5171.37
10739, 5170.36
10740, 5169.59
10758, 5166.67
10778, 5166.13
10779, 5165.35
10780, 5164.62
10781, 5163.54
10790, 5163.46
10791, 5161.68
10824, 5159.71
10833, 5159.04
10834, 5157.93
10849, 5157.89
10850, 5156.58
10880, 5154.05
10884, 5153.36
10885, 5152.97
10891, 5151.56
10930, 5149.56
10937, 5149.3
10947, 5146.34
10969, 5143.3
10991, 5143.3
10992, 5142.62
10995, 5139.62
34839, 4697.56
34840, 4684.64
34846, 4683.03
34847, 4682.56
34849, 4675.17
34850, 4675.1
34853, 4632.14
34856, 4630.93
34857, 4622.47
34858, 4606.75
34861, 4575.29
34863, 4543.64
34869, 4506.86
34872, 4500.65
34873, 4496.78
34878, 4481.05
34881, 4440.84
34883, 4426.91
34886, 4414.14
34888, 4410.38
34889, 4408.06
34892, 4402.61
34897, 4381.22
34900, 4325.46
34902, 4320.9
34903, 4320.73
34910, 4296.77
34912, 4282.95
34917, 4275.24
34918, 4274.35
34923, 4273.73
34924, 4268.94
34928, 4248.7
34931, 4241.82
34932, 4241.53
34935, 4225.26
34940, 4212.54
34942, 4189.48
34952, 4188.61
34955, 4168.22
34957, 4155.53
34966, 4152.07
34967, 4150.07
34970, 4149.18
34971, 4148.15
34985, 4131.57
34991, 4129.61
34992, 4128.89
34995, 4123.84
34999, 4120.71
35000, 4120.19
35002, 4118.98
35003, 4115.73
35009, 4115.39
35010, 4114.18
35016, 4106.6
35017, 4106.12
35038, 4105.51
35039, 4104.25
35054, 4102.39
35068, 4096.21
35069, 4095.09
35070, 4087.03
35088, 4080.48
35093, 4078.52
35098, 4075.6
35099, 4074.35
35117, 4074.21
35173, 4073.66
35177, 4073.14
35194, 4071.46
35195, 4070.63
35206, 4065.67
35218, 4065.63
35219, 4064.28
35246, 4062.97
35247, 4060.73
35286, 4055.36
35319, 4053.15
35320, 4052.8
35332, 4051.8
35333, 4050.92
35355, 4049.98
35356, 4048.72
35383, 4048.15
35384, 4046.7
35385, 4045.36
35386, 4043.62
35394, 4043.39
35395, 4043.35
35405, 4042.68
35406, 4042.25
35452, 4041.15
35453, 4040.64
35537, 4039.05
35538, 4038.56
35585, 4037.06
35586, 4036.63
35750, 4036.44
35807, 4035.45
35808, 4034.52
35838, 4034.18
35839, 4033.74
36174, 4032.8
36204, 4031.81
36205, 4029.98
36357, 4029.79
37221, 4029.63
37383, 4029.56
37384, 4029.23
37615, 4029.13
37616, 4028.98
37975, 4028.87
37976, 4028.81
38524, 4028.78
38525, 4028.73
38618, 4028.67
38619, 4028.67
38638, 4028.64
38639, 4028.62
38821, 4028.51
39048, 4028.36
