
1, 7249.68
3, 7194.88
5, 7154.67
7, 7152.71
8, 7143.02
10, 7136.75
11, 7136.31
13, 7104.53
16, 7060.89
18, 7043.58
24, 7041.88
25, 7037.24
27, 7006.13
29, 6986.16
32, 6981.59
33, 6980.56
34, 6978.35
35, 6977.24
36, 6974.07
39, 6932.97
42, 6925.09
44, 6911.97
46, 6911.38
47, 6909.49
49, 6894.78
53, 6892.78
54, 6892.45
60, 6880.95
63, 6864.53
65, 6855.04
67, 6815.99
72, 6804.48
76, 6796.55
78, 6775.13
86, 6750.22
91, 6729.3
94, 6726.6
95, 6676.17
98, 6669.05
102, 6647.49
107, 6618.27
111, 6618.19
113, 6585.89
115, 6574.91
123, 6573.99
128, 6573.33
131, 6554.9
134, 6554.17
135, 6553.44
138, 6534.25
141, 6520.58
144, 6519.52
145, 6513.51
149, 6472.51
156, 6470.42
158, 6459.46
162, 6438.52
166, 6425.89
168, 6413.62
171, 6413.18
173, 6394.34
175, 6368.63
181, 6347
186, 6334.81
188, 6328.87
191, 6306.94
198, 6296.16
200, 6282.15
202, 6266.77
205, 6265.25
206, 6252.44
207, 6248.61
208, 6247.74
209, 6215.05
215, 6214.95
216, 6197.99
219, 6195.94
220, 6184.03
222, 6177.47
226, 6173.93
229, 6138.11
232, 6135.77
234, 6119.49
237, 6096.57
241, 6064.75
243, 6054.92
249, 6051.97
250, 6025.88
252, 6024.05
255, 6012.54
257, 5999.34
260, 5976.94
264, 5965.23
270, 5960.8
272, 5960.52
274, 5945.67
276, 5920.98
278, 5920.81
279, 5919.49
280, 5910.47
282, 5890.44
285, 5887.41
286, 5884.77
287, 5884.11
289, 5865.44
293, 5859.09
297, 5855.62
300, 5843.45
307, 5839.43
311, 5838.84
312, 5838.36
313, 5823.61
315, 5803.32
317, 5796.81
319, 5796.63
320, 5796.41
327, 5792.49
331, 5777.55
335, 5751.6
339, 5751.24
340, 5750.08
342, 5742.2
344, 5730.24
349, 5726.08
353, 5715
360, 5705.04
364, 5695.49
367, 5681.83
369, 5674.89
372, 5669.34
374, 5651.52
376, 5650.78
378, 5648.75
379, 5648.71
380, 5630.78
382, 5623.07
387, 5622.28
391, 5603.26
393, 5597.96
398, 5583.13
400, 5583.11
401, 5581.46
402, 5560.27
404, 5554.82
406, 5541.63
408, 5538.9
412, 5535.82
420, 5534.87
421, 5534.39
423, 5526.74
426, 5515.02
428, 5512.26
434, 5503.24
444, 5502.88
445, 5492.23
451, 5489.14
453, 5483.31
456, 5463.65
458, 5458.9
460, 5446.04
468, 5442.1
471, 5438.35
473, 5430.03
479, 5409.76
481, 5403.23
483, 5381.13
485, 5380.23
488, 5361.04
491, 5360.4
494, 5353.81
502, 5348.93
506, 5347.93
514, 5340.31
1131, 5334.11
1137, 5333.48
1141, 5332.97
1151, 5332.68
1154, 5330.63
1159, 5327.14
1168, 5327.05
1186, 5320.42
1189, 5317.1
1210, 5316.33
1212, 5314.61
1215, 5311.15
1224, 5309.3
1229, 5304.32
1250, 5303.47
1255, 5301.94
5277, 5220.02
5278, 5204.69
5280, 5185.42
5282, 5171.18
5283, 5171.15
5284, 5161.66
5285, 5161.54
5288, 5145.51
5290, 5111.94
5292, 5111.77
5293, 5104.53
5294, 5097.57
5297, 5093.29
5298, 5093.25
5301, 5090.88
5302, 5090.49
5303, 5077.63
5305, 5051.39
5308, 5047.76
5309, 5046.7
5311, 5041.35
5314, 5026.37
5316, 4992.71
5320, 4990.4
5322, 4982.91
5324, 4963.98
5326, 4953.73
5331, 4948.84
5337, 4944.34
5339, 4929.5
5342, 4905.3
5346, 4903.33
5347, 4894.72
5351, 4892.97
5355, 4867.66
5358, 4865.86
5361, 4859.3
5364, 4844.8
5367, 4843.08
5376, 4836.98
5378, 4833.35
5380, 4821.78
5382, 4818.39
5384, 4814.6
5387, 4805.14
5393, 4796.17
5396, 4785.41
5404, 4777.41
5409, 4776.53
5414, 4762.17
5417, 4755.42
5420, 4751.44
5423, 4745.04
5427, 4742.86
5429, 4721.24
5431, 4717.04
5434, 4710.94
5438, 4710.51
5439, 4709.77
5440, 4701.28
5442, 4689.23
5449, 4680.07
5454, 4677.96
5457, 4670.02
5461, 4669.91
5463, 4663.6
5466, 4651.39
5469, 4650.64
5470, 4627.3
5471, 4608.74
5476, 4604.44
5477, 4603.02
5478, 4601.44
5482, 4584.43
5486, 4570.73
5488, 4564.72
5490, 4555.23
5493, 4553
5497, 4542.62
5500, 4529.32
5503, 4529.26
5504, 4528.72
5506, 4527.6
5507, 4526.58
5509, 4524.03
5511, 4517.75
5515, 4516.6
5518, 4513.65
5520, 4510.15
5523, 4506.78
5527, 4503.3
5531, 4498.85
5538, 4498.69
5546, 4496.24
5548, 4479.55
5550, 4470.92
5553, 4460.87
5555, 4449.37
5557, 4448
5558, 4447.6
5563, 4442.77
5567, 4441.26
5571, 4438.95
5573, 4431.06
5580, 4429.69
5581, 4422.86
5585, 4419.45
5588, 4408.84
5594, 4405.41
5596, 4399.59
5599, 4391.93
5603, 4390.76
5605, 4372.38
5608, 4371.76
5609, 4363
5610, 4358.36
5611, 4358.32
5612, 4353.05
5622, 4349.17
5625, 4344.96
5627, 4338.7
5629, 4320.46
5632, 4314.64
5637, 4312.32
5638, 4303.34
5642, 4291.58
5644, 4290.03
5646, 4286.83
5648, 4282.54
5653, 4279.6
5655, 4266.12
5657, 4261.22
5660, 4260.46
5661, 4257.78
5663, 4244.8
5668, 4242.34
5670, 4240.73
5674, 4239.51
5676, 4239.45
5677, 4228.25
5680, 4225.09
5681, 4216.32
5685, 4211.62
5687, 4208.76
5689, 4201.43
5692, 4200.23
5694, 4196.76
5696, 4192.98
5703, 4192.28
5706, 4190.05
5709, 4182.65
5713, 4182.19
5715, 4179.42
5718, 4178.62
5720, 4172.07
5722, 4164.92
5725, 4160.59
5727, 4153.48
5733, 4152.76
5735, 4145.61
5738, 4145.58
5742, 4144.99
5743, 4144.05
5744, 4141.85
5746, 4140.7
5749, 4140.56
5750, 4140.39
5751, 4139.81
5752, 4139.77
5754, 4133.4
5757, 4131.76
5759, 4130.93
5761, 4127.63
5764, 4123.55
5766, 4123.36
5768, 4121.28
5772, 4121.24
5774, 4112.05
5778, 4111.78
5781, 4111.69
5783, 4104.26
5787, 4103.19
5789, 4102.23
5792, 4099.82
5794, 4089.68
5796, 4088.17
5802, 4085.49
9051, 4084.92
9057, 4081.34
9059, 4079.25
9062, 4077.03
9066, 4075.53
9068, 4072.33
9073, 4072.27
9075, 4071.3
9077, 4068.16
9082, 4065.62
9089, 4063.5
9092, 4060.14
9096, 4057.5
9098, 4050.76
9105, 4048.43
9108, 4048.31
9110, 4045.63
9120, 4040.81
9126, 4039.92
9128, 4038.3
9139, 4037.87
9143, 4033.38
9148, 4032.39
9156, 4031.98
9158, 4028.74
9167, 4024.49
9177, 4023.83
9180, 4023.46
9184, 4023.2
9188, 4022.05
9190, 4019.98
9197, 4017.09
9211, 4016.54
9213, 4016.48
9216, 4016.3
9219, 4014.7
9227, 4013.72
9229, 4010.13
9233, 4007.58
9236, 4006.37
9244, 4006.05
9256, 4000.59
9294, 3994.87
9314, 3993.85
9321, 3993.38
9329, 3991.29
9334, 3991.08
9343, 3989.27
9352, 3988.46
9364, 3987.24
9381, 3986.1
9386, 3986.06
9397, 3982.46
9427, 3981.96
9444, 3980.71
9447, 3980.4
9450, 3979.37
9473, 3979.22
9477, 3979.05
9486, 3978.83
9494, 3977.81
9507, 3975.4
9515, 3974.03
9538, 3972.42
9589, 3971.67
9617, 3970.48
9640, 3969.86
9692, 3968.91
9705, 3967.61
9759, 3966.86
9816, 3966.75
9868, 3966.71
9880, 3966.04
9998, 3965.44
10069, 3965.24
10099, 3965.21
30908, 3963.75
30911, 3959.94
30915, 3959.12
30916, 3958.78
30918, 3958.46
30919, 3957.59
30921, 3957.12
30922, 3956.77
30924, 3954.34
30926, 3951.34
30928, 3948.22
30931, 3945.31
30938, 3942.22
30940, 3936.1
30942, 3935.55
30943, 3935.43
30944, 3927.73
30947, 3927.18
30950, 3921.56
30954, 3921.27
30956, 3916.95
30961, 3909.46
30965, 3907.58
30966, 3907.48
30967, 3906.35
30968, 3905.33
30969, 3902.74
30973, 3895.89
30980, 3894.47
30983, 3891.97
30985, 3888.6
30987, 3883.08
30989, 3880.88
30991, 3874.34
30993, 3872.11
30995, 3866.93
31000, 3866.14
31004, 3864.79
31005, 3864.64
31009, 3863.08
31011, 3862.9
31012, 3862.55
31014, 3859.01
31017, 3858.84
31019, 3852.75
31023, 3852.28
31025, 3844.52
31027, 3840.23
31030, 3837.55
31034, 3834.17
31040, 3832.17
31042, 3825.39
31045, 3824.62
31047, 3822.55
31052, 3816.31
31055, 3816.24
31056, 3815.77
31058, 3813.57
31061, 3812.69
31063, 3811.27
31065, 3804.6
31067, 3803.02
31070, 3802.63
31071, 3802.03
31073, 3801.9
31074, 3800.9
31075, 3796.09
31078, 3794.55
31086, 3793.9
31094, 3792.09
31096, 3791.04
31104, 3789.08
31108, 3788.95
31109, 3788.31
31112, 3783.72
31115, 3783.16
31118, 3779.24
31121, 3778.68
31123, 3776.86
31125, 3775.27
31127, 3774.31
31129, 3773.57
31131, 3773.06
31132, 3772.96
31133, 3772.05
31137, 3769.26
31141, 3767.48
31143, 3766.87
31145, 3761.6
31146, 3758.49
31147, 3758.43
31149, 3757.3
31150, 3756.74
31151, 3756.63
31152, 3755.55
31157, 3755.09
31158, 3754.77
31159, 3751.04
31164, 3748.28
31169, 3747.49
31170, 3747.23
31171, 3747.03
31172, 3745.94
31173, 3744.01
31175, 3737.04
31178, 3736.58
31179, 3733.72
31184, 3732.51
31186, 3731.43
31190, 3731.06
31191, 3730.71
31192, 3730.12
31194, 3727.66
31196, 3724.47
31198, 3723.7
31200, 3721.05
31203, 3720.74
31204, 3719.14
31206, 3714.39
31208, 3709.91
31210, 3708.82
31211, 3708.48
31213, 3706.66
31215, 3704.18
31218, 3701.02
31221, 3700.28
31222, 3699.68
31223, 3699.22
31224, 3698.98
31225, 3698.54
31226, 3696.57
31232, 3695.8
31235, 3695.19
31236, 3695.18
31237, 3691.87
31239, 3690.66
31241, 3689.1
31243, 3688.96
31244, 3688.54
31245, 3685.48
31249, 3682.05
31251, 3679.08
31254, 3678.55
31256, 3678.42
31257, 3677.3
31258, 3677.07
31259, 3676.43
31261, 3672.66
31270, 3670.5
31273, 3670.33
31274, 3668.71
31280, 3668.6
31281, 3666.72
31283, 3665.34
31286, 3663.16
31291, 3659.74
31297, 3659.06
31298, 3655.16
31300, 3652.79
31302, 3652.11
31305, 3651.65
31307, 3650.1
31309, 3647.8
31315, 3647.63
31321, 3646.85
31329, 3646.61
31333, 3645.68
31341, 3643.2
31347, 3639.7
31356, 3638.66
31362, 3636.59
31365, 3635.09
31370, 3632.96
31372, 3631.37
31377, 3630.89
31379, 3629.66
31383, 3628.3
31388, 3627.57
31392, 3625.16
31397, 3624.83
31399, 3622.46
31411, 3622.08
31419, 3621.54
31422, 3620.99
31427, 3618.94
31434, 3618.6
31445, 3617.97
31448, 3616.57
31450, 3615.68
31452, 3615.36
31455, 3614.31
31457, 3612.44
31467, 3611.34
31470, 3610.48
31476, 3609.82
31479, 3609.07
31482, 3609
31486, 3607.12
31497, 3606.07
31499, 3604.99
31502, 3604.45
31509, 3604.34
31511, 3603.62
31516, 3603.48
31530, 3602.4
31538, 3601.9
31540, 3601.6
31544, 3600.8
31559, 3600.14
31565, 3599.94
31567, 3599.37
31578, 3598.09
31583, 3597.35
31589, 3597.21
31591, 3595.96
31593, 3595.75
31603, 3595.72
31614, 3594.64
31625, 3594.41
31629, 3594.41
31637, 3592.93
