
1, 3.47116e+11
2, 3.26654e+11
5, 3.22659e+11
7, 3.11613e+11
10, 3.06309e+11
12, 2.97084e+11
15, 2.85373e+11
17, 2.84e+11
20, 2.82813e+11
22, 2.6856e+11
24, 2.65231e+11
26, 2.58059e+11
29, 2.42654e+11
32, 2.36571e+11
34, 2.23669e+11
36, 2.21902e+11
43, 2.12758e+11
45, 2.09145e+11
47, 2.08952e+11
50, 1.98041e+11
53, 1.9202e+11
56, 1.91198e+11
58, 1.9113e+11
61, 1.82205e+11
63, 1.77841e+11
67, 1.70872e+11
74, 1.7064e+11
77, 1.67433e+11
80, 1.61061e+11
82, 1.59094e+11
86, 1.58754e+11
89, 1.55931e+11
92, 1.55749e+11
98, 1.52177e+11
100, 1.46981e+11
105, 1.44394e+11
123, 1.40013e+11
130, 1.37364e+11
133, 1.28849e+11
137, 1.23289e+11
140, 1.21097e+11
142, 1.18851e+11
144, 1.186e+11
150, 1.14509e+11
152, 1.12822e+11
154, 1.12367e+11
157, 1.11441e+11
160, 1.05777e+11
163, 1.04561e+11
169, 1.0415e+11
171, 1.00744e+11
174, 9.81504e+10
176, 9.78924e+10
179, 9.40361e+10
186, 9.19584e+10
189, 8.73851e+10
191, 8.51492e+10
193, 8.41889e+10
195, 8.25421e+10
198, 8.04263e+10
203, 7.98831e+10
205, 7.60619e+10
211, 7.58291e+10
216, 7.38605e+10
223, 7.37964e+10
228, 7.07167e+10
251, 7.00711e+10
256, 6.74189e+10
264, 6.73099e+10
266, 6.40665e+10
279, 6.37262e+10
298, 6.00163e+10
305, 5.9115e+10
309, 5.85652e+10
311, 5.71501e+10
326, 5.50616e+10
336, 5.34683e+10
350, 5.13912e+10
374, 5.00861e+10
376, 4.86553e+10
378, 4.82127e+10
393, 4.71918e+10
408, 4.69736e+10
412, 4.59198e+10
432, 4.57563e+10
438, 4.5658e+10
440, 4.41317e+10
446, 4.39109e+10
460, 4.22261e+10
488, 4.14765e+10
490, 4.11884e+10
496, 4.11851e+10
500, 4.07796e+10
534, 4.02564e+10
537, 3.95767e+10
544, 3.91253e+10
552, 3.78294e+10
584, 3.77628e+10
592, 3.77335e+10
595, 3.7188e+10
602, 3.71134e+10
623, 3.70201e+10
640, 3.60382e+10
652, 3.58864e+10
658, 3.5845e+10
669, 3.55671e+10
675, 3.54221e+10
677, 3.54022e+10
695, 3.51102e+10
720, 3.49825e+10
729, 3.48495e+10
745, 3.46056e+10
747, 3.42112e+10
761, 3.39484e+10
786, 3.39038e+10
806, 3.3633e+10
831, 3.34464e+10
847, 3.33329e+10
861, 3.31995e+10
918, 3.31735e+10
925, 3.29754e+10
971, 3.25721e+10
1030, 3.24627e+10
1098, 3.23495e+10
1157, 3.23425e+10
1223, 3.22591e+10
2824, 2.36945e+09
2827, 1.80604e+09
2829, 1.70302e+09
2833, 1.64395e+09
2835, 1.45882e+09
2838, 1.44933e+09
2846, 1.38956e+09
2851, 1.21699e+09
2853, 1.03094e+09
2855, 9.60457e+08
2858, 8.26018e+08
2861, 7.519e+08
2863, 7.03538e+08
2865, 6.652e+08
2867, 6.27463e+08
2870, 5.2788e+08
2877, 4.66724e+08
2886, 4.53313e+08
2888, 3.77889e+08
2891, 3.16937e+08
2893, 2.53469e+08
2896, 2.0909e+08
2904, 2.02551e+08
2906, 2.01614e+08
2910, 1.65743e+08
2912, 1.25666e+08
2916, 1.09766e+08
2921, 1.04715e+08
2924, 1.03676e+08
2926, 8.83513e+07
2928, 8.71544e+07
2930, 6.74374e+07
2935, 6.45665e+07
2939, 6.17255e+07
2944, 5.85594e+07
2946, 4.82774e+07
2948, 4.01491e+07
2950, 3.54445e+07
2953, 2.48776e+07
2955, 1.80178e+07
2958, 1.02296e+07
2962, 8.44153e+06
2964, 8.35339e+06
2969, 7.96119e+06
2974, 4.80784e+06
2981, 3.77121e+06
2985, 3.16871e+06
2987, 3.15146e+06
2992, 2.47198e+06
2994, 2.36924e+06
2999, 1.60145e+06
3001, 1.37415e+06
3007, 1.31786e+06
3009, 1.17252e+06
3017, 905444
3019, 632452
3022, 298681
3024, 234911
3027, 228078
3030, 216304
3032, 201798
3034, 161848
3036, 151856
3038, 135671
3043, 132691
3046, 128789
3048, 123215
3053, 122953
3058, 122814
3071, 122707
3076, 122480
3078, 122426
3085, 121353
3095, 121222
3105, 120855
3106, 120813
3107, 120726
3111, 119914
3114, 119537
3121, 118617
3131, 117364
3141, 117291
3142, 116464
3148, 116134
3150, 115202
3162, 115197
3166, 114840
3171, 114567
3178, 114170
3187, 113964
3192, 113774
3214, 113355
3224, 112781
3229, 112735
3231, 112250
3233, 111975
3238, 111516
3240, 111187
3243, 110797
3244, 110747
3247, 110721
3254, 110462
3257, 109760
3266, 109654
3267, 109562
3272, 108967
3278, 108039
3280, 107992
3291, 107805
3304, 107078
3311, 106517
3315, 106384
3320, 105586
3323, 105249
3336, 104630
3339, 104084
3345, 103698
3350, 103403
3351, 103257
3357, 101771
3359, 100807
3362, 100603
3365, 100556
3371, 99402
3373, 99232
3378, 98769.8
3386, 98270.6
3392, 97680.2
3395, 97675.4
3396, 97527
3398, 96573.3
3403, 96479.7
3406, 96186.9
3409, 96031.6
3410, 95984.8
3418, 94344.9
3419, 94021.1
3421, 92970.4
3426, 92944.1
3429, 92002.7
3432, 91422.9
3442, 90518.6
3506, 90324
3515, 90151.1
3520, 90143
3522, 89976.6
3524, 89671.3
3532, 89590.9
3536, 89004.5
3539, 88610
3541, 87994.1
3775, 87783.3
3781, 87663.8
3798, 87165.6
3819, 87156.8
3827, 86439
3829, 86204.9
3834, 86119.3
3835, 86102.1
3836, 85696.4
3839, 85268
3841, 85218.1
3843, 84725.7
3845, 84638.5
3849, 84624
3852, 84342.3
3854, 84018.6
3856, 83304.9
3869, 83283.5
3870, 83152.7
3871, 82929.9
3873, 82715.6
3880, 82634.3
3882, 82364.7
3885, 82115.4
4028, 82015.4
4031, 81820.6
4059, 81530.3
4061, 81507.9
4064, 81449
4067, 81059
4070, 80418.4
4072, 80267.1
4076, 79925.6
4081, 79792.2
4085, 79778.4
4091, 79743.5
4092, 79676.4
4102, 79103.9
4104, 78879.6
4115, 78766.5
4126, 78653.8
4129, 78633
4133, 78578.4
4135, 78547
4138, 78013.5
4153, 77722.1
4157, 77331.5
4172, 77188.5
4176, 76939
4179, 76837.2
4182, 76530.3
4187, 76294.2
4194, 76262.1
4198, 76011.1
4209, 76010.7
4211, 75905.1
4214, 75727.4
4220, 75537.6
4222, 75397.7
4234, 75196.3
4236, 75152.8
8223, 72993.4
8229, 63505.6
8241, 56095.7
8297, 55635.8
8331, 54063.6
8382, 52190.1
8388, 51050.7
8394, 46531.9
8440, 46418
8454, 46096.9
8535, 45974.4
8537, 44187.1
8548, 43249.3
8656, 41221.4
16462, 40773.2
16484, 39571.4
16489, 35701
16504, 35465
16516, 34614
16532, 34608
16534, 34522.1
16545, 34369.7
16581, 34369.7
16590, 34305.1
16599, 34257.2
16617, 34256
16627, 34242.8
16629, 34220.8
16631, 34204.8
16637, 34053
16691, 33985
16703, 33953
16726, 33894.3
16736, 33855.8
16778, 33828.9
16780, 33799.4
16832, 33793.8
16845, 33721
16878, 33709.3
16881, 33656.7
16940, 33616.8
16988, 33608.2
17007, 33600.7
17061, 33590.5
17072, 33563
17163, 33555.7
17168, 33555.5
17207, 33551.7
17223, 33548
17225, 33517.8
17245, 33506.9
17295, 33502
17618, 31630.7
17622, 29989.7
17624, 20381.4
17626, 19554.7
17627, 19413
17631, 18965.6
17634, 18936.4
17635, 18929.9
17637, 18766.1
17643, 18657.8
17646, 18576.8
17654, 18297.7
17656, 18146.9
17660, 18097.4
17667, 17909.7
17669, 17856
17675, 17540.1
17677, 17352.2
17688, 17174.4
17697, 17034.8
17708, 16868.6
17710, 16832.1
17713, 16723.4
17716, 16549.8
17718, 16494
17720, 16260.2
17725, 16073.5
17735, 15910.9
17747, 15682.9
17750, 15606.1
17786, 15409.5
17790, 15371.3
17791, 15353
17792, 14966.4
17793, 14622.8
17798, 14507.1
17802, 14370
17811, 14348.2
17812, 14340.6
17815, 14139.2
17817, 14128.7
17818, 14092.9
17822, 13940.4
17827, 13836.6
17833, 13731.4
17836, 13539.7
17841, 13485.3
17843, 13270.4
17847, 13207.5
17856, 13023.7
17888, 12797
17904, 12569.5
17908, 12487.7
17926, 12463.5
17927, 12436.7
17928, 12362.6
17934, 12224.4
17938, 11992
17940, 11801.9
17943, 11759.3
17947, 11665.5
17955, 11538.3
17960, 11419.8
17962, 11252.2
17966, 11190.1
17974, 10926.5
17987, 10751
17989, 10715.7
17991, 10708.3
17992, 10687.9
17995, 10615.7
17997, 10441.8
18007, 10403.5
18033, 10403
18034, 10397.8
18035, 10386.5
18037, 10064.8
18058, 10048.9
18061, 10043.2
18074, 9923.43
18076, 9886.01
18079, 9847.85
18080, 9844.81
18081, 9814.01
18082, 9781.37
18102, 9627.24
18104, 9586.21
18117, 9467.79
18122, 9439.07
18123, 9424.55
18127, 9344.97
18134, 9301.34
18139, 9284.08
18166, 9218.91
18179, 9142.89
18185, 8974.57
18200, 8927.74
18209, 8863.31
18215, 8817.02
18217, 8643.39
18231, 8633.4
18238, 8576.42
18266, 8495.03
18271, 8452.7
18278, 8370.09
18285, 8360.06
18286, 8350.91
18288, 8321.94
18289, 8313.43
18292, 8252.65
18293, 8228.39
18294, 8202.18
18297, 8170.58
18304, 8058.68
18316, 8039.47
18317, 8030.34
18321, 7956.35
18334, 7793.87
18350, 7665.47
18367, 7661.27
18368, 7560.23
18382, 7548.64
18386, 7493.07
18391, 7411.97
18393, 7387.28
18398, 7372.57
18399, 7368.86
18407, 7294.98
18410, 7291.94
18420, 7281.27
18422, 7195.81
18619, 7111.67
18621, 7064.8
18628, 7019.29
18636, 6877.01
18657, 6865.66
18666, 6862.93
18667, 6860.65
18669, 6742.6
18674, 6712.96
18677, 6709.27
18681, 6650.31
18687, 6647.87
18688, 6638.82
18694, 6622.77
18696, 6600.85
18699, 6519.67
18704, 6505.98
18705, 6480.16
18718, 6322.76
18722, 6273.14
18725, 6250.68
18734, 6250.56
18742, 6220.61
18744, 6213.82
18745, 6211.34
18751, 6155.5
18753, 6111.52
18761, 6082.84
18766, 6072.78
18771, 6041.44
18780, 5991.37
18783, 5953.81
18797, 5916.36
18811, 5889.49
18815, 5880.58
18822, 5823.91
18824, 5770.18
18839, 5768.41
