
1, 11013
4, 10979.5
5, 10978.1
6, 10860.7
8, 10779.6
11, 10645.6
14, 10621
15, 10619.4
16, 10518.3
18, 10454.5
22, 10285.9
25, 10277.6
28, 10176.8
30, 10164.2
31, 10163.8
33, 9998.2
35, 9914.14
38, 9843.83
40, 9598.13
45, 9535.65
48, 9391.01
50, 9281.43
52, 9247.73
54, 9183.76
56, 9084.61
60, 8931.73
66, 8785.69
70, 8762.5
74, 8664.64
79, 8586.42
81, 8577.19
84, 8416.59
96, 8390.81
98, 8364.83
101, 8335.42
104, 8086.04
113, 8079.11
116, 7953.62
120, 7902.73
126, 7899.79
130, 7862.47
132, 7786.09
138, 7760.94
143, 7728.5
146, 7631.47
150, 7627.45
155, 7551.89
158, 7445.01
169, 7412.89
173, 7386.8
175, 7380.35
178, 7289.13
181, 7228.23
184, 7211.05
187, 7134.02
192, 7090.86
201, 6975.83
203, 6913.28
208, 6885.3
210, 6848.63
212, 6749.37
217, 6703.04
219, 6662.9
223, 6647.55
227, 6568.15
230, 6520.48
236, 6484.95
244, 6447.85
246, 6418.61
251, 6388.09
258, 6318.35
265, 6279.23
267, 6237.36
273, 6193.69
275, 6186.57
289, 6180.61
293, 6177.92
295, 6125.83
298, 6118.57
300, 6097.67
310, 6015.37
319, 5973.96
334, 5921.1
341, 5911.59
343, 5910.21
346, 5910.08
348, 5905.69
353, 5896.9
358, 5889.31
361, 5875.96
370, 5861.41
372, 5838.82
380, 5827.98
389, 5785.74
400, 5782.51
402, 5753.77
415, 5697.22
417, 5689.89
422, 5678.61
426, 5655.41
430, 5653.04
437, 5642.81
444, 5624.29
450, 5620.67
454, 5584.05
470, 5558.14
482, 5556.24
487, 5545.71
491, 5523.14
497, 5494.38
511, 5489.75
517, 5489.72
526, 5457.31
530, 5431.42
548, 5421.99
552, 5412.14
558, 5408.13
561, 5400.45
582, 5373.15
595, 5368.21
602, 5364.82
604, 5362.19
610, 5349.31
616, 5347.7
623, 5338.28
627, 5325.76
633, 5325.25
642, 5308.99
658, 5302.26
675, 5295.73
679, 5294.48
690, 5283.15
700, 5272.13
714, 5256.64
724, 5255.8
734, 5244.7
751, 5233.95
788, 5231.07
792, 5210.58
802, 5206.68
905, 5204.32
907, 5197.37
919, 5195.63
923, 5195.54
925, 5190.18
930, 5186.91
962, 5181.18
970, 5175.78
1033, 5174.41
1057, 5167.25
1094, 5166.45
7117, 5157.03
7119, 5106.09
7122, 5045.08
7126, 4914.97
7134, 4894.82
7140, 4858.75
7143, 4766.19
7145, 4754.21
7149, 4738.62
7151, 4724.62
7154, 4705.53
7161, 4667.65
7163, 4645.35
7165, 4638.86
7167, 4590.16
7170, 4541.84
7172, 4526.94
7174, 4522.7
7176, 4516.22
7181, 4511.57
7186, 4488.43
7189, 4482.24
7192, 4461.3
7194, 4431.96
7197, 4420.17
7202, 4361.76
7204, 4352.27
7207, 4323.31
7210, 4319.44
7214, 4317.6
7216, 4278.94
7220, 4250.72
7223, 4242.1
7225, 4211.74
7232, 4194.9
7237, 4189.75
7244, 4145.05
7250, 4142.44
7252, 4136.3
7258, 4104.28
7268, 4079.81
7270, 4050.98
7274, 4045.7
7279, 4040.97
7283, 4039.18
7293, 4007.3
7299, 3972.83
7303, 3937.55
7308, 3934.76
7310, 3919.8
7314, 3876.93
7319, 3871.42
7331, 3843.54
7345, 3826.02
7347, 3798.94
7352, 3794.58
7356, 3771
7362, 3751.18
7364, 3726.92
7380, 3723.98
7382, 3715.17
7388, 3713.36
7391, 3692.64
7399, 3673.21
7406, 3669.49
7409, 3659.18
7420, 3658.32
7422, 3617.65
7433, 3604.64
7436, 3583.62
7448, 3574.75
7450, 3572.95
7452, 3554.93
7463, 3550.77
7470, 3535.32
7472, 3520.32
7488, 3518.76
7500, 3510.46
7506, 3473.35
7516, 3464.91
7521, 3460.48
7544, 3453.65
7548, 3447.28
7551, 3444.15
7562, 3423.91
7567, 3422.49
7581, 3413.27
7583, 3410.02
7605, 3407.73
7613, 3401.12
7617, 3386.72
7623, 3374.81
7649, 3360.25
7652, 3352.95
7656, 3345.7
7671, 3342.82
7678, 3334.09
7704, 3331.72
7708, 3322.21
7728, 3320.31
7737, 3311.02
7762, 3302.29
7764, 3299.3
7787, 3299.08
7794, 3294.2
7806, 3292.89
7808, 3292.1
7837, 3289.36
7856, 3286.34
7876, 3285.58
7886, 3284.07
7894, 3275.03
7949, 3269.33
8040, 3269.05
8069, 3268.13
8076, 3267.6
8079, 3259.31
8113, 3256.88
39267, 3252.2
39270, 3246.32
39291, 3246.04
39303, 3213.99
39305, 3202
39319, 3201.8
39321, 3199.36
39323, 3185.95
39327, 3176.45
39343, 3173.24
39349, 3162.72
39354, 3153.03
39364, 3132.14
39398, 3119.83
39435, 3119.26
39456, 3118.22
39459, 3116.52
39469, 3112.49
39474, 3105.74
39480, 3095.36
39496, 3086.72
39527, 3081.71
39550, 3079.88
39559, 3075.22
39578, 3072.67
39585, 3063.75
39588, 3059.96
39635, 3047.18
39653, 3043.44
39671, 3041.88
39684, 3037.09
39692, 3033.17
39761, 3028.38
39824, 3026.62
39935, 3023.82
39961, 3021.17
40129, 3020.04
70683, 3015.56
70687, 3009.11
70692, 2983.07
70697, 2952.93
70709, 2947.27
70711, 2912.45
70719, 2910.97
70728, 2887.88
70736, 2862.64
70748, 2851.15
70755, 2844.9
70757, 2828.76
70770, 2822.59
70775, 2820.03
70779, 2801.81
70787, 2797.09
70795, 2791.79
70797, 2771.35
70811, 2763.54
70816, 2755.38
70824, 2747.66
70826, 2742.07
70831, 2725.73
70833, 2711.45
70842, 2709.7
70846, 2705.62
70860, 2704.16
70866, 2688.43
70876, 2685.19
70880, 2676.26
70886, 2657.81
70888, 2656.5
70891, 2641.11
70909, 2633.09
70911, 2625.49
70916, 2625.4
70932, 2614.71
70942, 2608.99
70944, 2600.88
70949, 2595.43
70960, 2594.36
70965, 2577.94
70979, 2576.3
70992, 2567.87
71008, 2560.04
71012, 2539.46
71026, 2529.83
71062, 2520.48
71092, 2519.41
71094, 2508.63
71105, 2502.21
71110, 2501.7
71122, 2494.64
71146, 2493.2
71164, 2492.83
71174, 2487.34
71176, 2484.26
71191, 2479.58
71206, 2479.41
71208, 2478.81
71226, 2471.98
71236, 2471.82
71259, 2471.66
71261, 2464.59
71307, 2463.33
71347, 2462.96
71349, 2461.06
71381, 2457.06
71403, 2455.79
71428, 2449.83
71459, 2449.43
71487, 2445.99
71764, 2444.84
71771, 2444.55
71802, 2442.9
81603, 2377.67
81607, 2334.51
81609, 2294.22
81611, 2274.03
81613, 2228.64
81618, 2184.88
81624, 2178.22
81625, 2176.5
81627, 2148.58
81633, 2127.07
81635, 2115.63
81637, 2088.37
81640, 2062.1
81642, 2040.23
81645, 2025.26
81648, 1963.94
81652, 1962.97
81655, 1934.02
81657, 1931.77
81658, 1931.16
81660, 1919.14
81663, 1917.6
81664, 1905.78
81669, 1881.99
81671, 1861.11
81676, 1856.82
81678, 1848.46
81680, 1828.31
81682, 1818.4
81684, 1775.23
81686, 1774.99
81688, 1751.26
81691, 1744.24
81695, 1706.91
81703, 1694.47
81705, 1688.49
81707, 1668.53
81711, 1662.24
81712, 1640.18
81714, 1602.72
81717, 1600.6
81718, 1600.23
81721, 1585.17
81723, 1577.67
81725, 1560.7
81727, 1556.38
81729, 1554.22
81730, 1553.93
81731, 1520.4
81733, 1513.64
81735, 1482.6
81738, 1480.8
81741, 1463.03
81743, 1458.35
81746, 1438.16
81757, 1435.76
81759, 1432.47
81762, 1411.32
81764, 1403.35
81772, 1390.1
81777, 1364.01
81780, 1354.21
81784, 1351.2
81785, 1343.8
81788, 1314.99
81790, 1313.17
81794, 1306.44
81799, 1300.01
81804, 1269.11
81807, 1259.42
81809, 1231.71
81813, 1215.39
81820, 1203.41
81826, 1192.77
81828, 1192.18
81831, 1187.57
81834, 1184.06
81836, 1178.76
81840, 1178.22
81841, 1169.26
81848, 1156.24
81851, 1154.27
81852, 1153.44
81853, 1151.98
81856, 1137.16
81859, 1129.76
81861, 1114.34
81863, 1109.29
81866, 1101.66
81869, 1095.55
81871, 1084.28
81873, 1078.9
81878, 1059.93
81881, 1050.25
81886, 1049.66
81887, 1026.21
81891, 1006.22
81896, 1006.1
81898, 1001.84
81903, 1000.19
81905, 997.256
81908, 986.145
82029, 979.639
82031, 965.385
82044, 963.419
82046, 955.194
82048, 954.747
82052, 945.891
82064, 939.161
82067, 930.023
82069, 921.123
82074, 917.07
82077, 900.662
82081, 895.788
82085, 892.708
