
1, 7.17918e+10
2, 7.1603e+10
4, 7.15151e+10
6, 7.10985e+10
12, 7.08316e+10
14, 7.06773e+10
17, 7.05376e+10
19, 7.02444e+10
21, 6.99104e+10
24, 6.96162e+10
26, 6.95472e+10
28, 6.92952e+10
30, 6.91459e+10
32, 6.90936e+10
37, 6.88298e+10
41, 6.87661e+10
43, 6.81771e+10
45, 6.80681e+10
47, 6.79277e+10
50, 6.75848e+10
59, 6.7531e+10
61, 6.74102e+10
64, 6.69145e+10
68, 6.67934e+10
75, 6.67307e+10
79, 6.66134e+10
87, 6.65682e+10
90, 6.61859e+10
95, 6.59595e+10
98, 6.5866e+10
106, 6.58649e+10
108, 6.56136e+10
110, 6.55218e+10
116, 6.53978e+10
119, 6.52926e+10
121, 6.50801e+10
124, 6.49974e+10
128, 6.49106e+10
130, 6.4818e+10
134, 6.47971e+10
136, 6.45063e+10
139, 6.43972e+10
141, 6.40274e+10
143, 6.40066e+10
146, 6.3828e+10
152, 6.34035e+10
167, 6.33422e+10
169, 6.32108e+10
172, 6.31036e+10
174, 6.29473e+10
183, 6.29032e+10
188, 6.28176e+10
190, 6.27759e+10
193, 6.2585e+10
196, 6.24876e+10
198, 6.22962e+10
214, 6.21565e+10
217, 6.21231e+10
225, 6.20975e+10
227, 6.19299e+10
231, 6.16241e+10
233, 6.16229e+10
238, 6.14366e+10
240, 6.14211e+10
244, 6.13164e+10
250, 6.12373e+10
254, 6.10748e+10
256, 6.10611e+10
260, 6.09186e+10
264, 6.08174e+10
271, 6.08084e+10
282, 6.05819e+10
285, 6.02724e+10
287, 6.0205e+10
301, 6.01672e+10
304, 6.01042e+10
310, 5.99002e+10
317, 5.97646e+10
319, 5.96913e+10
321, 5.95552e+10
337, 5.93664e+10
341, 5.93644e+10
350, 5.93269e+10
353, 5.93178e+10
358, 5.92122e+10
360, 5.91878e+10
365, 5.91657e+10
372, 5.91258e+10
374, 5.8996e+10
379, 5.89824e+10
381, 5.88838e+10
383, 5.88406e+10
385, 5.8815e+10
400, 5.87574e+10
405, 5.85006e+10
416, 5.83018e+10
432, 5.83004e+10
446, 5.8191e+10
455, 5.7989e+10
468, 5.79345e+10
476, 5.79324e+10
490, 5.77168e+10
505, 5.76526e+10
528, 5.76021e+10
536, 5.7566e+10
565, 5.75389e+10
572, 5.75261e+10
574, 5.74326e+10
581, 5.73456e+10
590, 5.72109e+10
612, 5.71169e+10
655, 5.70243e+10
668, 5.69961e+10
671, 5.69885e+10
681, 5.69293e+10
691, 5.69023e+10
699, 5.68489e+10
701, 5.68289e+10
706, 5.6792e+10
772, 5.67498e+10
796, 5.6722e+10
801, 5.66931e+10
858, 5.66731e+10
921, 5.66575e+10
923, 5.66231e+10
927, 5.65782e+10
943, 5.65355e+10
1178, 5.64985e+10
1439, 5.64753e+10
1442, 5.63398e+10
1445, 5.63245e+10
1447, 5.61777e+10
1451, 5.59878e+10
1455, 5.58959e+10
1457, 5.58598e+10
1461, 5.58153e+10
1465, 5.55355e+10
1468, 5.54046e+10
1471, 5.5033e+10
1477, 5.49609e+10
1479, 5.48726e+10
1481, 5.45627e+10
1483, 5.44159e+10
1485, 5.42978e+10
1497, 5.38711e+10
1499, 5.38305e+10
1501, 5.3759e+10
1503, 5.3615e+10
1505, 5.3605e+10
1513, 5.35194e+10
1515, 5.32524e+10
1518, 5.31057e+10
1526, 5.28372e+10
1528, 5.27464e+10
1535, 5.27145e+10
1538, 5.26983e+10
1541, 5.23622e+10
1545, 5.22624e+10
1549, 5.22344e+10
1556, 5.21332e+10
1558, 5.20178e+10
1562, 5.18403e+10
1564, 5.16163e+10
1568, 5.16155e+10
1576, 5.13776e+10
1581, 5.1089e+10
1584, 5.08455e+10
1592, 5.06363e+10
1609, 5.05933e+10
1612, 5.0435e+10
1614, 5.03148e+10
1616, 5.02684e+10
1618, 5.00616e+10
1620, 5.00229e+10
1625, 4.99525e+10
1627, 4.99413e+10
1630, 4.98995e+10
1634, 4.97684e+10
1636, 4.96151e+10
1641, 4.95404e+10
1643, 4.94834e+10
1645, 4.94691e+10
1649, 4.94374e+10
1653, 4.92303e+10
1656, 4.90847e+10
1658, 4.90028e+10
1660, 4.88488e+10
1665, 4.88315e+10
1667, 4.87957e+10
1670, 4.87691e+10
1673, 4.87165e+10
1679, 4.84566e+10
1685, 4.84366e+10
1687, 4.82531e+10
1689, 4.82336e+10
1693, 4.81924e+10
1695, 4.81644e+10
1698, 4.80971e+10
1703, 4.80746e+10
1705, 4.79433e+10
1710, 4.78121e+10
1726, 4.77923e+10
1730, 4.76257e+10
1733, 4.76073e+10
1744, 4.75861e+10
1748, 4.74098e+10
1758, 4.73477e+10
1762, 4.72827e+10
1766, 4.72597e+10
1770, 4.72037e+10
1777, 4.71808e+10
1780, 4.71272e+10
1787, 4.69814e+10
1789, 4.69548e+10
1792, 4.69389e+10
1795, 4.67297e+10
1812, 4.65644e+10
1850, 4.64404e+10
1855, 4.64288e+10
1875, 4.64044e+10
1884, 4.64017e+10
1887, 4.6393e+10
1889, 4.63371e+10
1891, 4.63266e+10
1901, 4.62869e+10
1916, 4.62675e+10
1919, 4.61218e+10
1962, 4.60184e+10
1977, 4.59543e+10
2005, 4.59328e+10
2008, 4.5913e+10
2020, 4.58979e+10
2032, 4.58764e+10
2054, 4.58713e+10
2056, 4.57928e+10
2067, 4.57603e+10
2108, 4.57404e+10
2120, 4.56484e+10
2157, 4.56481e+10
2170, 4.56438e+10
2178, 4.56343e+10
2180, 4.56092e+10
2201, 4.55766e+10
2222, 4.55689e+10
2225, 4.55673e+10
2230, 4.55574e+10
2261, 4.55241e+10
2269, 4.54947e+10
2323, 4.54945e+10
2346, 4.5478e+10
2352, 4.54642e+10
2375, 4.5454e+10
2517, 4.54371e+10
2523, 4.5396e+10
8300, 2.88104e+10
8301, 2.87382e+10
8305, 2.84582e+10
8307, 2.84415e+10
8311, 2.83699e+10
8324, 2.82102e+10
8327, 2.82082e+10
8330, 2.80861e+10
8332, 2.79103e+10
8335, 2.78938e+10
8337, 2.75988e+10
8339, 2.75259e+10
8341, 2.75163e+10
8343, 2.74344e+10
8345, 2.74271e+10
8349, 2.72715e+10
8351, 2.7243e+10
8353, 2.71855e+10
8355, 2.70356e+10
8357, 2.69208e+10
8359, 2.66067e+10
8363, 2.65742e+10
8368, 2.64853e+10
8370, 2.62929e+10
8374, 2.61371e+10
8377, 2.59609e+10
8381, 2.58016e+10
8383, 2.57164e+10
8386, 2.56709e+10
8390, 2.562e+10
8392, 2.53161e+10
8400, 2.53099e+10
8402, 2.49645e+10
8407, 2.49429e+10
8415, 2.47498e+10
8420, 2.46087e+10
8422, 2.43518e+10
8424, 2.43043e+10
8426, 2.42007e+10
8428, 2.40862e+10
8432, 2.40725e+10
8435, 2.38322e+10
8439, 2.37928e+10
8442, 2.36595e+10
8447, 2.35284e+10
8459, 2.33675e+10
8462, 2.33077e+10
8466, 2.32018e+10
8475, 2.31168e+10
8477, 2.31095e+10
8482, 2.30131e+10
8484, 2.28578e+10
8486, 2.28397e+10
8494, 2.27896e+10
8503, 2.26557e+10
8505, 2.24508e+10
8524, 2.23542e+10
8527, 2.23465e+10
8529, 2.2248e+10
8535, 2.21053e+10
8545, 2.199e+10
8549, 2.18788e+10
8551, 2.17538e+10
8560, 2.1742e+10
8564, 2.1691e+10
8567, 2.16804e+10
8570, 2.16759e+10
8575, 2.16572e+10
8580, 2.16009e+10
8585, 2.14659e+10
8598, 2.13151e+10
8612, 2.13062e+10
8614, 2.12995e+10
8618, 2.1203e+10
8622, 2.11921e+10
8624, 2.11619e+10
8630, 2.1154e+10
8634, 2.10796e+10
8640, 2.10314e+10
8650, 2.09483e+10
8657, 2.09369e+10
8662, 2.08047e+10
8676, 2.07987e+10
8685, 2.06648e+10
8695, 2.06621e+10
8704, 2.06102e+10
8726, 2.05754e+10
8731, 2.05601e+10
8749, 2.05556e+10
8752, 2.0538e+10
8759, 2.0531e+10
8761, 2.05094e+10
8767, 2.05022e+10
8776, 2.04575e+10
8782, 2.04245e+10
8791, 2.03911e+10
8795, 2.02713e+10
8815, 2.025e+10
8834, 2.0214e+10
8848, 2.01456e+10
8878, 2.01123e+10
8892, 2.00609e+10
8900, 2.00508e+10
8936, 2.00323e+10
8938, 1.99909e+10
8964, 1.99672e+10
8991, 1.99556e+10
8993, 1.99439e+10
9000, 1.99373e+10
9002, 1.9918e+10
9032, 1.98947e+10
9049, 1.98869e+10
9071, 1.98728e+10
9077, 1.98299e+10
9114, 1.98066e+10
9137, 1.97928e+10
9149, 1.97828e+10
9175, 1.97598e+10
9223, 1.97557e+10
9259, 1.97441e+10
9276, 1.97408e+10
9307, 1.97396e+10
9335, 1.97293e+10
9340, 1.97227e+10
9478, 1.97134e+10
9486, 1.96969e+10
9608, 1.9687e+10
109170, 1.73098e+10
109181, 1.70709e+10
109185, 1.70146e+10
109187, 1.68993e+10
109189, 1.66249e+10
109192, 1.64212e+10
109194, 1.625e+10
109199, 1.60308e+10
109202, 1.57777e+10
109208, 1.56956e+10
109211, 1.56139e+10
109213, 1.54864e+10
109215, 1.52884e+10
109217, 1.52328e+10
109219, 1.50924e+10
109221, 1.50175e+10
109224, 1.4906e+10
109228, 1.48516e+10
109230, 1.46445e+10
109232, 1.46406e+10
109235, 1.4617e+10
109238, 1.44555e+10
109240, 1.44257e+10
109242, 1.43341e+10
109245, 1.43209e+10
109247, 1.41563e+10
109252, 1.41213e+10
109254, 1.41046e+10
109258, 1.40892e+10
109261, 1.39842e+10
109263, 1.39266e+10
109266, 1.38094e+10
109268, 1.35957e+10
109270, 1.35048e+10
109272, 1.34941e+10
109279, 1.33612e+10
109281, 1.33055e+10
109285, 1.32201e+10
109287, 1.32086e+10
109294, 1.29927e+10
109296, 1.29542e+10
109298, 1.2953e+10
109301, 1.27581e+10
109308, 1.26886e+10
109310, 1.26075e+10
109314, 1.25388e+10
109316, 1.23439e+10
109322, 1.22223e+10
109330, 1.22042e+10
109332, 1.20017e+10
109343, 1.19814e+10
109351, 1.18644e+10
109354, 1.18281e+10
109368, 1.17529e+10
109371, 1.16873e+10
109375, 1.16673e+10
109379, 1.16102e+10
109384, 1.15822e+10
109386, 1.15134e+10
109391, 1.13907e+10
109407, 1.13054e+10
109409, 1.12713e+10
109415, 1.11377e+10
109421, 1.11089e+10
109431, 1.10858e+10
109434, 1.10636e+10
109439, 1.10301e+10
109442, 1.10202e+10
109448, 1.09066e+10
109460, 1.0904e+10
109463, 1.08333e+10
109481, 1.07927e+10
109483, 1.07429e+10
109488, 1.06995e+10
109507, 1.06766e+10
109512, 1.05443e+10
109522, 1.04742e+10
109534, 1.04394e+10
109546, 1.03524e+10
109550, 1.03427e+10
109553, 1.03312e+10
109557, 1.03012e+10
109560, 1.02322e+10
109564, 1.02012e+10
109568, 1.01995e+10
109571, 1.01839e+10
109578, 1.01101e+10
109593, 1.00494e+10
109603, 9.9928e+09
109618, 9.98369e+09
109627, 9.96882e+09
109629, 9.96743e+09
109631, 9.88051e+09
109646, 9.80088e+09
109651, 9.76642e+09
109667, 9.76127e+09
109679, 9.75974e+09
109685, 9.7564e+09
109690, 9.73208e+09
109692, 9.73025e+09
109706, 9.71941e+09
109710, 9.69717e+09
109727, 9.67256e+09
109730, 9.67161e+09
109737, 9.65067e+09
109742, 9.62802e+09
109761, 9.60949e+09
109763, 9.59088e+09
109770, 9.54991e+09
109774, 9.54796e+09
109783, 9.53851e+09
109785, 9.53669e+09
109801, 9.51034e+09
109805, 9.50327e+09
109807, 9.48402e+09
109827, 9.47092e+09
109832, 9.46669e+09
109853, 9.44579e+09
109878, 9.43902e+09
109880, 9.42641e+09
109882, 9.41299e+09
109886, 9.3907e+09
109919, 9.35438e+09
110009, 9.34324e+09
110018, 9.33289e+09
110047, 9.32881e+09
110086, 9.3016e+09
110141, 9.28725e+09
110195, 9.27576e+09
110382, 9.26923e+09
