
1, 3.55153e+10
3, 3.54959e+10
4, 3.54959e+10
5, 3.5074e+10
8, 3.48348e+10
14, 3.44509e+10
16, 3.40484e+10
18, 3.36977e+10
21, 3.35187e+10
23, 3.31941e+10
25, 3.31233e+10
28, 3.27416e+10
31, 3.23231e+10
33, 3.22468e+10
35, 3.18052e+10
38, 3.16503e+10
41, 3.14389e+10
46, 3.12166e+10
48, 3.11833e+10
52, 3.11592e+10
55, 3.11295e+10
57, 3.07007e+10
60, 3.0332e+10
62, 3.0291e+10
64, 2.99498e+10
70, 2.98261e+10
72, 2.98029e+10
74, 2.96903e+10
81, 2.9329e+10
84, 2.89994e+10
87, 2.87126e+10
96, 2.8659e+10
99, 2.85751e+10
105, 2.84833e+10
107, 2.84133e+10
114, 2.8052e+10
117, 2.79299e+10
119, 2.78562e+10
121, 2.78276e+10
123, 2.77842e+10
125, 2.73454e+10
130, 2.72092e+10
142, 2.70773e+10
146, 2.69566e+10
148, 2.68743e+10
159, 2.67454e+10
161, 2.66265e+10
164, 2.65519e+10
167, 2.63199e+10
169, 2.62991e+10
172, 2.59928e+10
174, 2.58476e+10
184, 2.56038e+10
186, 2.55273e+10
189, 2.53566e+10
196, 2.53253e+10
199, 2.49716e+10
216, 2.49509e+10
222, 2.46652e+10
224, 2.46557e+10
226, 2.46412e+10
228, 2.44831e+10
237, 2.42719e+10
241, 2.42591e+10
243, 2.42488e+10
248, 2.40762e+10
254, 2.40302e+10
260, 2.39095e+10
265, 2.37331e+10
271, 2.37261e+10
273, 2.36595e+10
275, 2.35823e+10
277, 2.35017e+10
280, 2.34401e+10
283, 2.3396e+10
285, 2.33681e+10
288, 2.33588e+10
290, 2.32203e+10
305, 2.30133e+10
316, 2.28561e+10
323, 2.27562e+10
325, 2.27029e+10
327, 2.26983e+10
333, 2.26675e+10
335, 2.26292e+10
339, 2.25686e+10
344, 2.24556e+10
360, 2.24213e+10
366, 2.22091e+10
377, 2.20762e+10
385, 2.20608e+10
388, 2.194e+10
410, 2.18951e+10
416, 2.18237e+10
422, 2.17973e+10
432, 2.16538e+10
443, 2.16232e+10
445, 2.15326e+10
458, 2.14961e+10
463, 2.14815e+10
478, 2.13823e+10
481, 2.13014e+10
484, 2.12629e+10
486, 2.12032e+10
488, 2.1149e+10
490, 2.10575e+10
512, 2.1033e+10
519, 2.10292e+10
523, 2.0982e+10
525, 2.08649e+10
527, 2.08414e+10
535, 2.07903e+10
549, 2.07522e+10
561, 2.07491e+10
570, 2.06864e+10
576, 2.0648e+10
594, 2.06469e+10
600, 2.06016e+10
611, 2.05907e+10
627, 2.05697e+10
642, 2.05523e+10
652, 2.05355e+10
661, 2.05022e+10
672, 2.04932e+10
674, 2.04593e+10
694, 2.04199e+10
701, 2.04171e+10
708, 2.04054e+10
718, 2.03624e+10
720, 2.0322e+10
748, 2.03013e+10
770, 2.02812e+10
789, 2.02613e+10
795, 2.02453e+10
797, 2.02265e+10
813, 2.02038e+10
842, 2.01716e+10
849, 2.014e+10
899, 2.01014e+10
920, 2.00864e+10
942, 2.00785e+10
980, 2.00722e+10
1041, 2.00263e+10
1130, 2.00157e+10
1219, 1.99973e+10
1515, 1.99195e+10
1518, 1.98168e+10
1521, 1.97428e+10
1523, 1.93574e+10
1525, 1.92717e+10
1527, 1.91596e+10
1530, 1.91344e+10
1535, 1.90282e+10
1541, 1.87555e+10
1545, 1.84836e+10
1555, 1.81497e+10
1557, 1.81363e+10
1559, 1.79583e+10
1561, 1.78397e+10
1565, 1.78221e+10
1569, 1.77515e+10
1576, 1.76404e+10
1588, 1.75522e+10
1590, 1.74073e+10
1603, 1.73353e+10
1611, 1.72284e+10
1614, 1.7164e+10
1616, 1.71542e+10
1619, 1.69621e+10
1621, 1.6835e+10
1626, 1.67872e+10
1628, 1.63785e+10
1635, 1.62119e+10
1640, 1.61908e+10
1642, 1.61533e+10
1649, 1.60166e+10
1660, 1.5879e+10
1663, 1.58134e+10
1665, 1.55891e+10
1671, 1.55829e+10
1680, 1.55153e+10
1685, 1.53857e+10
1688, 1.52313e+10
1692, 1.50189e+10
1702, 1.4997e+10
1716, 1.48791e+10
1722, 1.47171e+10
1724, 1.46965e+10
1731, 1.46414e+10
1733, 1.45654e+10
1736, 1.45562e+10
1740, 1.44812e+10
1745, 1.43869e+10
1747, 1.42631e+10
1750, 1.42017e+10
1758, 1.41305e+10
1760, 1.40681e+10
1771, 1.40622e+10
1776, 1.38742e+10
1785, 1.37688e+10
1789, 1.36987e+10
1799, 1.36044e+10
1821, 1.35722e+10
1823, 1.34765e+10
1833, 1.34604e+10
1838, 1.33064e+10
1848, 1.33004e+10
1855, 1.32455e+10
1859, 1.32259e+10
1861, 1.32165e+10
1868, 1.32155e+10
1874, 1.30709e+10
1881, 1.30647e+10
1890, 1.30292e+10
1892, 1.29732e+10
1901, 1.29077e+10
1916, 1.28677e+10
1920, 1.28413e+10
1942, 1.27053e+10
1951, 1.26964e+10
1957, 1.26861e+10
1973, 1.25751e+10
1996, 1.25509e+10
2002, 1.25509e+10
2007, 1.24922e+10
2047, 1.24903e+10
2057, 1.23846e+10
2066, 1.23114e+10
2103, 1.22986e+10
2108, 1.22945e+10
2118, 1.22472e+10
2139, 1.22291e+10
2162, 1.2212e+10
2165, 1.21458e+10
2167, 1.21032e+10
2239, 1.20944e+10
2243, 1.20895e+10
2273, 1.20414e+10
2410, 1.20271e+10
2472, 1.20228e+10
2477, 1.20192e+10
2509, 1.20127e+10
2530, 1.19966e+10
2666, 1.19956e+10
2685, 1.19697e+10
8553, 1.19273e+10
8557, 1.17986e+10
8560, 1.17816e+10
8564, 1.1632e+10
8569, 1.15658e+10
8571, 1.14661e+10
8574, 1.1385e+10
8576, 1.13598e+10
8583, 1.13072e+10
8594, 1.12081e+10
8604, 1.1177e+10
8613, 1.1127e+10
8621, 1.10566e+10
8624, 1.10436e+10
8635, 1.09107e+10
8647, 1.08208e+10
8650, 1.07853e+10
8655, 1.07064e+10
8661, 1.06289e+10
8665, 1.05573e+10
8681, 1.04979e+10
8685, 1.03991e+10
8693, 1.02448e+10
8711, 1.01352e+10
8716, 1.01084e+10
8719, 1.00931e+10
8722, 9.97751e+09
8736, 9.93829e+09
8748, 9.89923e+09
8756, 9.80599e+09
8765, 9.79129e+09
8773, 9.72973e+09
8779, 9.71297e+09
8788, 9.68835e+09
8794, 9.68318e+09
8796, 9.63444e+09
8801, 9.55992e+09
8818, 9.49117e+09
8830, 9.44216e+09
8857, 9.43424e+09
8872, 9.37651e+09
8874, 9.37353e+09
8906, 9.36513e+09
8914, 9.34178e+09
8928, 9.3404e+09
8932, 9.31496e+09
8937, 9.26931e+09
8947, 9.25359e+09
8962, 9.20987e+09
8972, 9.18653e+09
9004, 9.1799e+09
9009, 9.16974e+09
9013, 9.1372e+09
9017, 9.11268e+09
9023, 9.08547e+09
9038, 9.07944e+09
9045, 9.07879e+09
9065, 9.07565e+09
9073, 9.06681e+09
9086, 9.06039e+09
9088, 9.05644e+09
9092, 9.02448e+09
9127, 9.00934e+09
9155, 8.99674e+09
9157, 8.97265e+09
9173, 8.96288e+09
9220, 8.9579e+09
9278, 8.95003e+09
9308, 8.94325e+09
9329, 8.91915e+09
9347, 8.90863e+09
9420, 8.8869e+09
9703, 8.88686e+09
33853, 8.8092e+09
33864, 8.74514e+09
33866, 8.70608e+09
33885, 8.66343e+09
33893, 8.62663e+09
33906, 8.6036e+09
33923, 8.56267e+09
33928, 8.5494e+09
33955, 8.51903e+09
33959, 8.49444e+09
33970, 8.47882e+09
33979, 8.42451e+09
34019, 8.36596e+09
34054, 8.34352e+09
34057, 8.32584e+09
34108, 8.308e+09
34116, 8.2991e+09
34123, 8.28144e+09
34149, 8.28062e+09
34179, 8.27087e+09
34185, 8.26101e+09
34207, 8.23835e+09
34213, 8.23588e+09
34223, 8.22522e+09
34252, 8.22231e+09
34273, 8.19415e+09
34318, 8.18544e+09
34411, 8.18507e+09
34442, 8.18419e+09
34452, 8.18066e+09
34462, 8.16747e+09
34489, 8.16713e+09
34520, 8.1625e+09
34566, 8.16154e+09
34728, 8.09127e+09
34730, 7.94313e+09
34734, 7.93882e+09
34737, 7.92915e+09
34740, 7.73867e+09
34744, 7.66395e+09
34747, 7.5825e+09
34749, 7.34511e+09
34753, 7.30825e+09
34756, 7.27824e+09
34762, 7.11131e+09
34764, 7.07074e+09
34767, 7.03246e+09
34770, 6.88437e+09
34772, 6.83906e+09
34775, 6.75458e+09
34779, 6.73528e+09
34781, 6.70915e+09
34783, 6.60102e+09
34786, 6.46204e+09
34789, 6.38086e+09
34791, 6.29295e+09
34793, 6.27058e+09
34796, 6.23067e+09
34802, 6.21254e+09
34804, 6.15913e+09
34812, 6.1233e+09
34814, 6.07388e+09
34816, 6.04277e+09
34818, 5.92354e+09
34821, 5.84183e+09
34826, 5.7389e+09
34828, 5.67474e+09
34831, 5.58382e+09
34833, 5.54675e+09
34837, 5.49619e+09
34849, 5.44825e+09
34851, 5.39815e+09
34853, 5.30563e+09
34859, 5.24001e+09
34861, 5.20218e+09
34865, 5.20001e+09
34869, 5.06702e+09
34876, 5.02206e+09
34878, 4.95882e+09
34881, 4.83614e+09
34892, 4.79893e+09
34894, 4.72946e+09
34896, 4.71916e+09
34901, 4.65267e+09
34903, 4.63637e+09
34905, 4.625e+09
34907, 4.53294e+09
34909, 4.43923e+09
34913, 4.43753e+09
34917, 4.35049e+09
34923, 4.30816e+09
34930, 4.28821e+09
34932, 4.27311e+09
34935, 4.21972e+09
34937, 4.1348e+09
34939, 4.08264e+09
34944, 4.06827e+09
34948, 4.06648e+09
34951, 4.04859e+09
34955, 4.0355e+09
34959, 4.01721e+09
34965, 3.93964e+09
34967, 3.8577e+09
34970, 3.81596e+09
34980, 3.79081e+09
34987, 3.72999e+09
34993, 3.6658e+09
34996, 3.65982e+09
34998, 3.64032e+09
35000, 3.62396e+09
35005, 3.61276e+09
35009, 3.5928e+09
35011, 3.57802e+09
35014, 3.52269e+09
35017, 3.51899e+09
35034, 3.48821e+09
35038, 3.48715e+09
35042, 3.44675e+09
35044, 3.41107e+09
35053, 3.38646e+09
35056, 3.32949e+09
35068, 3.31557e+09
35071, 3.30561e+09
35073, 3.2923e+09
35075, 3.25651e+09
35080, 3.24957e+09
35084, 3.22816e+09
35092, 3.1824e+09
35096, 3.17592e+09
35106, 3.14955e+09
35118, 3.12987e+09
35124, 3.08241e+09
35134, 3.07676e+09
35138, 3.04186e+09
35145, 3.04122e+09
35154, 3.02541e+09
35157, 3.01e+09
35159, 2.99659e+09
35169, 2.98854e+09
35176, 2.97469e+09
35185, 2.9616e+09
35194, 2.95669e+09
35205, 2.92055e+09
35220, 2.90179e+09
35231, 2.89971e+09
35241, 2.88149e+09
35243, 2.87774e+09
35245, 2.84098e+09
35249, 2.81655e+09
35267, 2.80441e+09
35273, 2.80092e+09
35280, 2.79771e+09
35287, 2.79466e+09
35290, 2.77953e+09
35292, 2.76884e+09
35304, 2.74161e+09
35319, 2.73093e+09
35331, 2.72893e+09
35335, 2.72291e+09
35337, 2.69098e+09
35376, 2.68745e+09
35395, 2.66024e+09
35406, 2.65599e+09
35421, 2.63842e+09
35469, 2.63649e+09
35473, 2.62111e+09
35500, 2.61831e+09
35511, 2.61381e+09
35524, 2.61207e+09
35526, 2.60652e+09
35542, 2.58623e+09
35565, 2.585e+09
35572, 2.57519e+09
35623, 2.57458e+09
35633, 2.56297e+09
35670, 2.55827e+09
35677, 2.55571e+09
35719, 2.55512e+09
35751, 2.55153e+09
35760, 2.55032e+09
35778, 2.54814e+09
35827, 2.54174e+09
35904, 2.54053e+09
35929, 2.53861e+09
60097, 2.51878e+09
60144, 2.51022e+09
60148, 2.46296e+09
60200, 2.45223e+09
60224, 2.44887e+09
60226, 2.44633e+09
60229, 2.44098e+09
60239, 2.43702e+09
60255, 2.43405e+09
60264, 2.43213e+09
60266, 2.41888e+09
60279, 2.40601e+09
60291, 2.40521e+09
60325, 2.39505e+09
60352, 2.38606e+09
60359, 2.37884e+09
60386, 2.37255e+09
60399, 2.3641e+09
60458, 2.36021e+09
60470, 2.35728e+09
60544, 2.35515e+09
60570, 2.35447e+09
60603, 2.35406e+09
60612, 2.34869e+09
60616, 2.34757e+09
60639, 2.34145e+09
60817, 2.34063e+09
110491, 2.31728e+09
110497, 2.31598e+09
110499, 2.25431e+09
110502, 2.21706e+09
110504, 2.21528e+09
110517, 2.20564e+09
110519, 2.17488e+09
110523, 2.16038e+09
110532, 2.13876e+09
110543, 2.09964e+09
110548, 2.08207e+09
110550, 2.05966e+09
110553, 2.02374e+09
110562, 1.97381e+09
110564, 1.97356e+09
110566, 1.95118e+09
110569, 1.93415e+09
110576, 1.88705e+09
110580, 1.88181e+09
110588, 1.85161e+09
110590, 1.8421e+09
110592, 1.80029e+09
110596, 1.77334e+09
110603, 1.70729e+09
110614, 1.68966e+09
110617, 1.68034e+09
110619, 1.66409e+09
110622, 1.65237e+09
110628, 1.645e+09
110630, 1.61172e+09
110632, 1.60343e+09
110637, 1.57584e+09
110642, 1.55898e+09
110647, 1.5466e+09
110653, 1.53184e+09
110662, 1.50365e+09
110668, 1.44974e+09
110682, 1.42139e+09
110696, 1.37316e+09
110701, 1.35067e+09
110717, 1.3492e+09
110725, 1.30218e+09
110729, 1.30215e+09
110746, 1.29503e+09
110758, 1.25306e+09
110781, 1.23707e+09
110795, 1.22355e+09
110799, 1.20991e+09
110810, 1.20434e+09
110817, 1.17808e+09
110823, 1.16113e+09
110831, 1.14395e+09
110871, 1.12611e+09
110883, 1.11606e+09
110893, 1.11191e+09
110909, 1.087e+09
110935, 1.07749e+09
110947, 1.05867e+09
110991, 1.05734e+09
110995, 1.05063e+09
111001, 1.05041e+09
111014, 1.0379e+09
111027, 1.02892e+09
111056, 1.02839e+09
111063, 1.02788e+09
111068, 1.0244e+09
111071, 1.02312e+09
111073, 1.01885e+09
111081, 1.0073e+09
111102, 1.00215e+09
111163, 9.93539e+08
111185, 9.82357e+08
111232, 9.81066e+08
111260, 9.79245e+08
111273, 9.78578e+08
111279, 9.67815e+08
111320, 9.63936e+08
111431, 9.62875e+08
111463, 9.62771e+08
111510, 9.5899e+08
111691, 9.58848e+08
175276, 8.88929e+08
175279, 8.60659e+08
175281, 7.64601e+08
175283, 7.31692e+08
175285, 6.62608e+08
175287, 6.43852e+08
175289, 6.41447e+08
175291, 5.79994e+08
175294, 5.7626e+08
175298, 5.55646e+08
175300, 5.19508e+08
175303, 4.98026e+08
175309, 4.84038e+08
175312, 4.70071e+08
175315, 4.55603e+08
175320, 4.50495e+08
175325, 4.01255e+08
175327, 3.83686e+08
175330, 3.80634e+08
175333, 3.71051e+08
175335, 3.61784e+08
175337, 3.34212e+08
175339, 3.17813e+08
175344, 3.12543e+08
175347, 3.01186e+08
175353, 2.55244e+08
175356, 2.48509e+08
175363, 2.29643e+08
175368, 2.26678e+08
175370, 2.17909e+08
175374, 1.98115e+08
175378, 1.93085e+08
175386, 1.89889e+08
175391, 1.70842e+08
175394, 1.6141e+08
175396, 1.57947e+08
175403, 1.50115e+08
175412, 1.47585e+08
175418, 1.40124e+08
175420, 1.17318e+08
175430, 1.07854e+08
175432, 9.83736e+07
175436, 8.51422e+07
175439, 8.20868e+07
175446, 6.64523e+07
175458, 6.43243e+07
175467, 5.6674e+07
175469, 4.65888e+07
175478, 4.26323e+07
175483, 4.07753e+07
175490, 3.42783e+07
175494, 2.83775e+07
175496, 2.3297e+07
175515, 2.2936e+07
175522, 2.13679e+07
175524, 1.59391e+07
175530, 1.12767e+07
175536, 8.52179e+06
175540, 6.53952e+06
175553, 6.3906e+06
175563, 6.07602e+06
175565, 4.80682e+06
175586, 4.32003e+06
175587, 4.23237e+06
175588, 323957
176436, 221610
176814, 176400
176815, 151697
178051, 114944
178052, 91482.5
180319, 69831.2
183183, 67057.6
183184, 65843.2
184201, 65740.8
184202, 62178.1
197203, 59533.4
199323, 53907.4
199498, 52906.7
200045, 51232.9
201745, 50437.6
202489, 46120.3
202982, 44710.4
205425, 44543
