
1, 1.18358e+10
4, 1.15497e+10
6, 1.15051e+10
8, 1.13624e+10
10, 1.10471e+10
15, 1.09081e+10
17, 1.08642e+10
20, 1.0533e+10
22, 1.04648e+10
26, 1.03509e+10
30, 1.02288e+10
33, 1.00656e+10
35, 1.00602e+10
39, 9.79241e+09
46, 9.73172e+09
51, 9.40699e+09
54, 9.39147e+09
58, 9.29252e+09
60, 9.27965e+09
62, 9.27331e+09
64, 9.20402e+09
66, 9.19565e+09
68, 9.17745e+09
70, 9.14997e+09
72, 9.01297e+09
74, 8.90085e+09
79, 8.76056e+09
84, 8.48909e+09
88, 8.43726e+09
92, 8.28123e+09
95, 8.19315e+09
101, 8.07406e+09
104, 7.84575e+09
118, 7.76464e+09
128, 7.74651e+09
133, 7.71539e+09
135, 7.71403e+09
138, 7.62984e+09
140, 7.53454e+09
144, 7.50167e+09
146, 7.38463e+09
148, 7.37984e+09
150, 7.30469e+09
152, 7.28587e+09
157, 7.2221e+09
159, 7.1256e+09
162, 7.01306e+09
167, 6.90925e+09
171, 6.87465e+09
176, 6.87106e+09
180, 6.69228e+09
182, 6.68128e+09
188, 6.65696e+09
191, 6.60426e+09
196, 6.54598e+09
201, 6.42915e+09
206, 6.41648e+09
209, 6.32502e+09
214, 6.2598e+09
220, 6.21891e+09
225, 6.19948e+09
228, 6.13183e+09
230, 6.08e+09
235, 5.97334e+09
240, 5.92011e+09
246, 5.84849e+09
249, 5.81239e+09
254, 5.79306e+09
260, 5.7644e+09
264, 5.64865e+09
266, 5.61068e+09
273, 5.59974e+09
276, 5.52034e+09
283, 5.46732e+09
289, 5.39118e+09
297, 5.37827e+09
300, 5.31496e+09
302, 5.30336e+09
304, 5.26398e+09
310, 5.24974e+09
316, 5.22129e+09
326, 5.1988e+09
329, 5.14195e+09
341, 5.1271e+09
345, 5.10424e+09
358, 5.0689e+09
362, 5.02479e+09
367, 5.01626e+09
371, 4.93083e+09
391, 4.92371e+09
394, 4.87251e+09
417, 4.77209e+09
442, 4.73184e+09
466, 4.71208e+09
473, 4.70012e+09
476, 4.66225e+09
484, 4.6271e+09
527, 4.61099e+09
529, 4.57494e+09
539, 4.54749e+09
544, 4.53109e+09
547, 4.50726e+09
592, 4.49209e+09
600, 4.49151e+09
604, 4.48436e+09
606, 4.46817e+09
608, 4.44164e+09
648, 4.38665e+09
660, 4.37344e+09
694, 4.3347e+09
764, 4.30415e+09
770, 4.30382e+09
798, 4.2959e+09
817, 4.28027e+09
843, 4.27432e+09
885, 4.26556e+09
893, 4.24856e+09
905, 4.24794e+09
971, 4.24787e+09
990, 4.2461e+09
1002, 4.23123e+09
1036, 4.22977e+09
1080, 4.22382e+09
1092, 4.2217e+09
1161, 4.21398e+09
1213, 4.20914e+09
1254, 4.20705e+09
1364, 4.20631e+09
26447, 4.20094e+09
26455, 4.09991e+09
26457, 4.05462e+09
26463, 3.91822e+09
26465, 3.89863e+09
26467, 3.88507e+09
26471, 3.83835e+09
26474, 3.75878e+09
26478, 3.74973e+09
26485, 3.73317e+09
26488, 3.60786e+09
26491, 3.56144e+09
26500, 3.53729e+09
26504, 3.48859e+09
26506, 3.46083e+09
26510, 3.4494e+09
26513, 3.44469e+09
26516, 3.37705e+09
26520, 3.27748e+09
26528, 3.23699e+09
26531, 3.20018e+09
26533, 3.14623e+09
26535, 3.13929e+09
26538, 3.12911e+09
26542, 3.05256e+09
26547, 3.02212e+09
26549, 2.99757e+09
26562, 2.96637e+09
26564, 2.90748e+09
26569, 2.88441e+09
26571, 2.86671e+09
26575, 2.83004e+09
26578, 2.76764e+09
26582, 2.76673e+09
26588, 2.72983e+09
26590, 2.65955e+09
26592, 2.64394e+09
26598, 2.59889e+09
26602, 2.58688e+09
26607, 2.53675e+09
26617, 2.52736e+09
26619, 2.5094e+09
26625, 2.47199e+09
26633, 2.42852e+09
26640, 2.42238e+09
26646, 2.37075e+09
26663, 2.34406e+09
26671, 2.30943e+09
26677, 2.3046e+09
26683, 2.29197e+09
26689, 2.19712e+09
26701, 2.19384e+09
26709, 2.18683e+09
26719, 2.15945e+09
26722, 2.12409e+09
26737, 2.08491e+09
26750, 2.06949e+09
26756, 2.05605e+09
26760, 2.03782e+09
26771, 2.02229e+09
26773, 2.01166e+09
26777, 1.97398e+09
26796, 1.96873e+09
26798, 1.95283e+09
26810, 1.94163e+09
26820, 1.92684e+09
26822, 1.92012e+09
26825, 1.88256e+09
26837, 1.88019e+09
26840, 1.87031e+09
26861, 1.8402e+09
26869, 1.8258e+09
26871, 1.81744e+09
26886, 1.81375e+09
26894, 1.79521e+09
26902, 1.76982e+09
26921, 1.76399e+09
26939, 1.75774e+09
26949, 1.75265e+09
26968, 1.74887e+09
26984, 1.74773e+09
26992, 1.73624e+09
26996, 1.72853e+09
27016, 1.70917e+09
27024, 1.69868e+09
27054, 1.68892e+09
27084, 1.67574e+09
27087, 1.67134e+09
27100, 1.66423e+09
27114, 1.66353e+09
27153, 1.66255e+09
27166, 1.65777e+09
27182, 1.65258e+09
27190, 1.64582e+09
27218, 1.63774e+09
27253, 1.63237e+09
27289, 1.63182e+09
27316, 1.63155e+09
27323, 1.62917e+09
27347, 1.6287e+09
27352, 1.6251e+09
27371, 1.62072e+09
27385, 1.61965e+09
27411, 1.61808e+09
27435, 1.61051e+09
44554, 1.59975e+09
44557, 1.59483e+09
44562, 1.57884e+09
44566, 1.57555e+09
44568, 1.51684e+09
44573, 1.51145e+09
44577, 1.50929e+09
44580, 1.50096e+09
44584, 1.49089e+09
44587, 1.4696e+09
44598, 1.46029e+09
44604, 1.44148e+09
44614, 1.43113e+09
44616, 1.37984e+09
44622, 1.37539e+09
44627, 1.35316e+09
44642, 1.35146e+09
44646, 1.3231e+09
44653, 1.30115e+09
44663, 1.29172e+09
44665, 1.26627e+09
44668, 1.25764e+09
44673, 1.25332e+09
44675, 1.24894e+09
44686, 1.21563e+09
44698, 1.1868e+09
44705, 1.18396e+09
44726, 1.15792e+09
44730, 1.154e+09
44732, 1.15172e+09
44736, 1.14524e+09
44738, 1.1403e+09
44745, 1.1276e+09
44755, 1.12203e+09
44761, 1.09905e+09
44767, 1.09366e+09
44775, 1.07227e+09
44793, 1.04786e+09
44802, 1.02627e+09
44854, 1.01036e+09
44862, 1.00673e+09
44869, 9.85073e+08
44880, 9.7963e+08
44882, 9.75536e+08
44885, 9.73922e+08
44910, 9.5141e+08
44932, 9.44155e+08
44940, 9.3931e+08
44946, 9.33648e+08
44979, 9.30977e+08
45003, 9.26209e+08
45010, 9.23149e+08
45019, 9.22564e+08
45023, 9.17135e+08
45027, 9.15461e+08
45038, 9.11695e+08
45045, 9.10766e+08
45051, 9.09231e+08
45061, 9.06692e+08
45077, 9.06631e+08
45083, 8.98701e+08
45101, 8.94178e+08
45121, 8.88421e+08
45123, 8.87429e+08
45144, 8.87204e+08
45152, 8.84159e+08
45161, 8.81042e+08
45234, 8.80113e+08
45243, 8.76208e+08
45249, 8.73288e+08
45327, 8.69403e+08
45424, 8.69336e+08
45431, 8.68678e+08
45532, 8.68257e+08
45538, 8.6698e+08
45563, 8.667e+08
45574, 8.64631e+08
196663, 8.43451e+08
196666, 8.36291e+08
196668, 7.69756e+08
196681, 7.55144e+08
196684, 7.40119e+08
196693, 7.17351e+08
196698, 6.84236e+08
196700, 6.72985e+08
196711, 6.22823e+08
196713, 6.13816e+08
196718, 5.90564e+08
196720, 5.59782e+08
196726, 5.13522e+08
196738, 5.11716e+08
196742, 4.91893e+08
196756, 4.47738e+08
196765, 4.46095e+08
196768, 4.42264e+08
196770, 4.31215e+08
196775, 4.2881e+08
196783, 3.9422e+08
196785, 3.84965e+08
196787, 3.73047e+08
196792, 3.70559e+08
196794, 3.69212e+08
196800, 3.63003e+08
196804, 3.52705e+08
196810, 3.46614e+08
196819, 3.35573e+08
196832, 3.34599e+08
196835, 3.11302e+08
196853, 3.0626e+08
196879, 3.06009e+08
196885, 3.01387e+08
196887, 2.85908e+08
196889, 2.83665e+08
196906, 2.65036e+08
196908, 2.64043e+08
196912, 2.59492e+08
196918, 2.56261e+08
196930, 2.56046e+08
196932, 2.37228e+08
196954, 2.35716e+08
196958, 2.35383e+08
196962, 2.30128e+08
196965, 2.14465e+08
196989, 2.10838e+08
197026, 2.10172e+08
197034, 2.08951e+08
197036, 2.04723e+08
197039, 1.97347e+08
197060, 1.95328e+08
197062, 1.90441e+08
197067, 1.88948e+08
197079, 1.84696e+08
197083, 1.83321e+08
197085, 1.76493e+08
197097, 1.74537e+08
197136, 1.68556e+08
197177, 1.66397e+08
197193, 1.63011e+08
197218, 1.59872e+08
197223, 1.59488e+08
197225, 1.58396e+08
197234, 1.57943e+08
197247, 1.57054e+08
197261, 1.5522e+08
197270, 1.54177e+08
197276, 1.53412e+08
197314, 1.51661e+08
197332, 1.49422e+08
197341, 1.47412e+08
197353, 1.45016e+08
197366, 1.44369e+08
197419, 1.42145e+08
197456, 1.40525e+08
197526, 1.38037e+08
197653, 1.37467e+08
197713, 1.36552e+08
