
1, 28958.5
3, 28797.7
8, 28604.2
13, 28563.3
15, 27887.7
17, 27882.7
18, 27849.1
22, 27515.7
26, 27445.3
29, 27419.1
30, 27411.7
31, 26665.7
33, 26604.3
37, 26427.8
41, 25796.6
46, 25251.6
51, 24986.1
55, 24659.7
57, 24648.1
63, 24187.6
65, 24178.1
67, 23763.4
72, 23337.9
75, 23232.7
77, 22992.9
79, 22727.9
82, 22362.1
89, 22209.9
91, 21637.9
96, 21445.6
101, 21428.8
104, 21309.6
106, 21146.8
111, 20945.8
114, 20907.4
116, 20725.8
121, 20377.9
123, 20295.5
128, 19957.6
130, 19910.6
142, 19690.1
144, 19349.7
149, 19208.3
155, 18937.5
159, 18921.4
160, 18515
164, 18287.3
168, 18264.6
169, 18264.1
170, 18048.4
175, 18043.7
177, 17874.2
180, 17626.5
184, 17382.8
186, 16990.5
193, 16914.1
195, 16868
197, 16748.9
199, 16485.1
201, 16245.4
206, 16224.1
213, 16202.8
215, 16174.1
218, 16168
220, 16089.6
222, 16022.9
224, 15812.9
225, 15808.5
226, 15620.5
228, 15465.1
232, 15462.3
235, 15429.6
240, 15390.9
248, 15209.1
249, 15200.5
253, 14957.8
255, 14893.3
263, 14875.6
264, 14770.5
268, 14662.4
270, 14561.9
275, 14391.5
285, 14138.3
290, 13912.1
297, 13902
298, 13741.3
300, 13727.1
301, 13723.4
302, 13438.5
304, 13344.4
307, 13185
310, 12953
313, 12928.6
317, 12797.3
319, 12594.8
322, 12329.2
327, 12174.6
335, 12172.7
336, 12171.8
337, 12120.6
340, 12080.7
341, 12068.9
346, 11978.2
348, 11862.6
353, 11862.5
356, 11636.5
369, 11492.4
380, 11480.4
381, 11475.9
403, 11416.6
405, 11411.1
406, 11406.5
408, 11333.3
410, 11325.5
414, 11322.2
415, 11317
418, 11198.9
420, 11101.4
429, 10774.8
432, 10736.3
434, 10688.3
436, 10656.9
438, 10563
444, 10409.5
461, 10403.4
490, 10381.7
499, 10367.8
500, 10227.4
502, 10149.4
505, 10138.9
508, 10110
509, 10107.1
511, 10016.3
514, 9888.78
517, 9806.49
521, 9744.65
525, 9628.35
528, 9518.97
534, 9400.07
542, 9334.06
544, 9218.34
547, 9074.09
560, 9061.99
561, 9047.17
564, 8984
568, 8838.69
570, 8786.68
574, 8779.46
690, 8727.2
693, 8675.86
701, 8659.98
710, 8547.94
712, 8530.84
717, 8449.58
722, 8423.5
725, 8303.49
732, 8243.77
738, 8238.52
742, 8129.46
750, 8081.71
755, 8056.16
760, 8049.91
761, 8041.91
763, 8018.78
765, 7989.09
777, 7984.64
779, 7967.02
780, 7963.89
781, 7949.73
783, 7903.46
786, 7873.79
792, 7864.76
794, 7842.02
796, 7826.84
803, 7805.14
810, 7760.21
813, 7758.44
815, 7747.24
819, 7719.61
821, 7688.99
823, 7627.1
832, 7614.29
838, 7537.6
840, 7514.63
843, 7474.36
857, 7464.43
861, 7462.63
868, 7447.68
869, 7443.59
873, 7379.36
883, 7312.74
896, 7291.38
912, 7228.44
917, 7224.29
919, 7137.28
931, 7127.06
941, 7117.76
945, 7102.66
950, 7097.91
956, 7094.19
957, 7090.94
958, 7047.3
963, 7046.02
964, 7042.42
967, 7018.31
970, 6988.21
978, 6952.41
981, 6941.97
994, 6886.47
1016, 6878.46
1029, 6876.56
1036, 6872.04
1040, 6802.63
1042, 6794.55
1051, 6733.7
1070, 6708.78
1086, 6703.2
1089, 6694.33
1096, 6673.14
1101, 6665.14
1104, 6649.42
1107, 6594.41
8214, 6564.34
8218, 6513.64
8220, 6454.28
8230, 6442.69
8232, 6389
8237, 6371.13
8239, 6360.36
8241, 6311.88
8245, 6257.89
8252, 6249.76
8257, 6228.02
8259, 6172.77
8264, 6147.02
8276, 6126.23
8281, 6117.38
8283, 6056.53
8294, 6036.96
8298, 5990.63
8319, 5925.07
8337, 5920.42
8343, 5857.1
8356, 5845.42
8360, 5844.3
8362, 5834.14
8365, 5823.62
8368, 5810.48
8377, 5785.99
8387, 5775.22
8393, 5711.71
8395, 5702.96
8397, 5698.67
8399, 5667.68
8417, 5660.91
8431, 5659.82
8434, 5656.53
8437, 5653.84
8447, 5645.84
8449, 5607.49
8451, 5605.5
8452, 5594.02
8453, 5573.43
8466, 5528.86
8467, 5518.63
8468, 5456.08
8471, 5371.16
8473, 5318.6
8477, 5291.3
8479, 5276.27
8480, 5272.55
8487, 5170.64
8509, 5142.97
8514, 5125.47
8516, 5072.56
8520, 5057.23
8521, 5051.51
8531, 5048.74
8532, 5041.03
8544, 4977.7
8547, 4964.9
8548, 4962.07
8551, 4959.22
8560, 4911.32
8561, 4907.29
8562, 4905.31
8563, 4904.47
8564, 4817.87
8568, 4799.06
8569, 4792.52
8570, 4784.13
8571, 4775.42
8572, 4764.43
8573, 4755.68
8581, 4726.74
8582, 4726.27
8596, 4702.85
8597, 4701.52
8598, 4672.16
8599, 4666.14
8600, 4621.17
8604, 4578.44
8605, 4575.41
8612, 4531.75
8622, 4519.55
8626, 4485.52
8627, 4484.11
8629, 4442.8
8640, 4371.51
8648, 4345.88
8653, 4304.18
8657, 4303.52
8658, 4290.65
8671, 4289.44
8672, 4279.61
8679, 4205.45
8680, 4202.56
8690, 4043.8
8699, 4039.86
8700, 3985.69
8703, 3967.63
8704, 3958.7
8706, 3955.86
8707, 3945.77
8726, 3904.27
8733, 3873.33
8734, 3868.56
8737, 3812.18
8739, 3784.87
8755, 3723.96
8760, 3696.46
8776, 3695.92
8777, 3682.49
8780, 3631.49
8783, 3594.76
8790, 3504.64
8811, 3497.38
8831, 3465.02
8832, 3463.94
8839, 3446.33
8840, 3438.62
8844, 3421.33
8845, 3414.94
8847, 3382.07
8848, 3380.45
8850, 3371.3
8851, 3367.41
8852, 3347.05
8853, 3343.8
8859, 3325.98
8860, 3320.98
8861, 3314.86
8862, 3301.77
8864, 3272.88
8865, 3270.18
8867, 3261.22
8868, 3254.81
8908, 3240.26
8909, 3233.54
8913, 3230.17
8914, 3216.9
8915, 3209.84
8916, 3207.79
8926, 3197.67
8927, 3193.11
8935, 3190.57
8936, 3179.44
8939, 3179.13
8940, 3170.18
8949, 3143.59
8951, 3141.74
8952, 3131.42
8953, 3121.66
8954, 3109.26
8964, 3078.82
8969, 3054.7
8974, 3031.77
8975, 3026.55
8978, 3025.58
8979, 3024.21
8981, 3007.67
8982, 3007.23
8984, 3006.4
8985, 2995.18
8988, 2988.47
8989, 2981.47
9004, 2978.23
9005, 2973.99
9006, 2942.44
9044, 2931.94
9052, 2905.14
9058, 2898.11
9059, 2894.27
9060, 2868
9063, 2849.7
9065, 2841.92
9066, 2835.88
9068, 2809.74
9071, 2804.51
9072, 2799.86
9073, 2792.43
9082, 2760.47
9096, 2747.25
9104, 2743.59
9105, 2736.08
9113, 2709.83
9114, 2707.91
9116, 2695.92
9117, 2694.45
9183, 2679.47
9184, 2676.9
9188, 2670.87
9189, 2664.74
9200, 2641.14
9211, 2633.82
9212, 2631.59
9220, 2631.36
9221, 2626.17
9230, 2610.38
9234, 2604.03
9241, 2598.81
9242, 2590.75
9245, 2567.65
9248, 2562.31
9249, 2560.72
9252, 2560.45
9253, 2556.3
9297, 2547.8
9298, 2545.1
9332, 2539.63
9333, 2533.2
9336, 2531.08
9337, 2525.09
9338, 2508.42
9339, 2507.64
9349, 2492.32
9358, 2484.78
9359, 2483.45
9402, 2475.38
9404, 2475.38
9405, 2472.42
9406, 2470.83
9407, 2468.2
9409, 2462.97
9410, 2461.99
9424, 2451.97
9429, 2450.75
9430, 2447.33
9435, 2421.8
9437, 2414.7
9450, 2411.66
9451, 2411.1
9479, 2402.49
9480, 2397.37
9506, 2390.95
9507, 2389.27
9515, 2379.55
9521, 2370.24
9522, 2369.06
9526, 2366.22
9527, 2362.15
9547, 2347.71
9550, 2341.83
9580, 2341.15
9597, 2335.14
9598, 2332.92
9611, 2326.94
9612, 2326.19
9623, 2309.28
9641, 2303.83
9711, 2303.25
9712, 2296.41
9718, 2290.26
9719, 2289.81
9724, 2286.21
9725, 2283.49
9745, 2282.7
9746, 2278
9782, 2269.03
9851, 2268.29
9869, 2257.21
9909, 2257.08
9910, 2255.29
9920, 2250.43
9921, 2249.75
9982, 2248.25
9983, 2245.5
10006, 2241.17
10007, 2240.41
10027, 2229.18
10081, 2226.97
10128, 2217.65
10173, 2215.07
10174, 2214.33
10189, 2213.77
10190, 2210.25
10227, 2191.5
198697, 2190.77
198859, 2170.64
198890, 2157.94
198919, 2143.34
198927, 2138.07
198928, 2124.29
199112, 2111.69
199338, 2096.34
199339, 2093.34
199608, 2083.21
199609, 2074.1
199694, 2069.38
199695, 2047.72
200137, 2044.18
200138, 2036.52
200159, 2013.62
200160, 2010.48
200167, 1995.8
200168, 1993.5
200218, 1992.84
200219, 1984.09
200369, 1970.93
200370, 1966.78
200594, 1962.58
200595, 1948.04
201822, 1938.9
201823, 1938.21
202197, 1931.92
202198, 1929.72
202668, 1929.66
202669, 1925.74
202838, 1920.47
202839, 1919.16
203343, 1915.07
203344, 1914.93
204490, 1913.3
204491, 1912.33
204764, 1906.78
204783, 1904.28
205337, 1902.64
205338, 1902.51
205390, 1901.43
205391, 1900.96
205474, 1895.18
205966, 1894.19
205967, 1893.78
206191, 1893.14
206192, 1892.28
206204, 1891.78
206205, 1891.15
206971, 1888.22
207155, 1888.21
207432, 1884.51
207755, 1883.72
208315, 1883.15
208316, 1883.11
208448, 1883.04
208449, 1882.23
210035, 1880.8
210324, 1880.59
210519, 1879.82
210847, 1877.02
