
1, 608960
2, 595192
3, 595189
5, 584138
7, 580236
11, 564110
14, 540125
16, 520797
22, 504162
26, 487471
30, 481075
33, 478805
36, 469759
39, 449105
44, 419530
47, 409447
49, 408807
51, 397643
53, 391963
58, 386166
62, 377088
64, 374139
67, 365177
70, 359826
75, 350775
77, 338446
81, 335097
83, 332258
87, 313069
90, 310772
92, 304010
95, 302576
98, 301364
106, 294341
109, 293206
113, 291582
115, 280717
119, 279784
121, 275749
123, 265171
127, 257984
130, 253012
134, 245698
141, 238031
146, 235226
151, 230893
154, 229608
156, 219092
158, 218598
166, 214906
169, 214749
172, 212562
174, 209604
178, 208175
182, 194684
185, 194288
192, 193855
194, 193820
196, 190949
198, 188964
202, 186764
207, 178721
222, 173016
225, 172252
232, 168434
240, 167924
250, 165583
252, 162266
259, 159051
267, 156139
274, 155294
278, 154316
280, 149859
289, 143707
294, 143603
302, 141629
304, 140738
306, 140212
308, 137201
314, 136325
317, 133538
324, 133296
331, 131939
336, 128077
342, 126593
353, 125949
358, 125833
360, 122872
366, 121731
368, 120634
375, 119602
377, 119182
387, 118072
389, 116691
399, 114742
418, 113421
427, 112115
430, 111756
432, 110922
445, 110066
447, 108747
454, 105496
496, 104832
498, 104208
501, 101979
515, 101705
529, 100071
545, 98939.8
552, 97520.3
580, 97080.2
598, 97065.8
606, 96250.1
612, 95582.4
620, 95109.3
630, 95097.3
643, 94941.9
660, 94282.9
681, 93864.8
683, 93783.5
686, 93047.4
688, 92041.7
739, 91729.3
764, 91529.4
780, 90859.4
788, 90593.4
817, 89820.1
874, 89526.4
915, 89420
974, 88691.6
979, 88351.5
1097, 88138.5
1359, 87854
9975, 87722
9980, 87482.6
10004, 84981.4
10026, 83498.4
10035, 83271.7
10039, 82622.9
10048, 81207.8
10055, 80126.6
10059, 79513.2
10083, 79424.7
10085, 79119.9
10095, 78807.1
10106, 78439.7
10124, 78129.6
10126, 77884.6
10132, 77176.5
10139, 76864.3
10141, 76473.1
10147, 76338.1
10162, 75874.9
10191, 75140.6
10198, 74701.3
10212, 74402.2
10248, 74018
10251, 73688.1
10279, 73655.6
10286, 73615.8
10289, 73223.1
10297, 73087.6
10301, 73068.6
10326, 72716.6
10331, 72483.5
10355, 72444.6
10385, 72415.2
10413, 72241.7
10439, 72040.2
10441, 71361.9
10566, 71251.7
10592, 70809.6
10836, 70783.6
49687, 69687.4
49689, 65369.6
49694, 64850.6
49696, 63310.5
49698, 61158.5
49703, 59541.3
49705, 54930.5
49709, 52993.8
49715, 48047.2
49717, 46984
49721, 40675.6
49723, 38278.3
49727, 36900.1
49734, 35964.8
49737, 33016.3
49744, 31777.8
49746, 30053.7
49751, 28003
49755, 27941.2
49761, 27044.8
49766, 25145.3
49768, 24910
49772, 24184.2
49775, 24112.8
49777, 24017.9
49781, 23706.8
49788, 22800.9
49793, 21585.9
49795, 21296.6
49799, 20474.6
49805, 19916.5
49809, 19430.7
49816, 18366.1
49821, 18210.1
49828, 17422.4
49830, 16566.7
49832, 16498.8
49836, 16119.8
49840, 15184.7
49842, 14538.4
49849, 13917.9
49858, 13767.5
49861, 13286.1
49873, 12770.1
49875, 12544.9
49877, 12007.5
49879, 11651.7
49886, 11404.2
49888, 10944.9
49891, 10524.6
49905, 10150.5
49913, 10023.1
49916, 10018
49918, 9627.15
49924, 9430.08
49926, 9130.25
49937, 9007.87
49939, 9001.6
49941, 8982.79
49946, 8876.17
49948, 8821
49952, 8694.98
49954, 8617.58
49960, 8429.18
49978, 8401.24
49980, 7904.92
49999, 7674.01
50014, 7510.34
50020, 7424.61
50022, 7222.15
50039, 6932.99
50046, 6862.41
50057, 6650.33
50068, 6639.76
50085, 6612.21
50089, 6471.82
50097, 6457.62
50104, 6455.89
50113, 6424.14
50116, 6300.63
50124, 6273.3
50145, 6241.36
50147, 6222.27
50154, 6087.54
50161, 6075.59
50170, 5992.75
50186, 5911.36
50189, 5906.43
50220, 5906.25
50224, 5902.58
50228, 5897.34
50236, 5667.63
50278, 5665.26
50281, 5659.28
50317, 5586.4
50337, 5546
50350, 5539.91
50369, 5532.11
50371, 5491.17
50382, 5488.13
50397, 5466.57
50400, 5433.39
50425, 5429.2
50443, 5426.61
50454, 5353.56
50492, 5308
50552, 5288.02
50564, 5256.07
50794, 5244.76
50847, 5239.2
50863, 5235.23
50913, 5219.34
76188, 5209.2
76194, 5141.86
76207, 5023.82
76214, 4945.29
76217, 4849.78
76219, 4759.87
76228, 4694.45
76233, 4643.53
76239, 4608.39
76241, 4565.87
76244, 4556.54
76253, 4528.22
76255, 4440.78
76258, 4332.02
76273, 4216.67
76284, 4211.08
76287, 4146.93
76293, 4127.04
76297, 4087.94
76306, 4029.81
76320, 3944.19
76323, 3922.09
76325, 3918.3
76327, 3882.64
76331, 3786.02
76345, 3758.94
76354, 3685.06
76366, 3665.27
76371, 3662.42
76374, 3632.5
76386, 3578.03
76396, 3548.84
76401, 3507.81
76408, 3504.47
76425, 3457.36
76433, 3453.19
76451, 3395.29
76468, 3388.32
76477, 3362.03
76479, 3335.59
76497, 3327.32
76501, 3318.89
76508, 3315.07
76532, 3251.91
76542, 3239.6
76563, 3230.09
76587, 3192.03
76608, 3182.55
76618, 3149.72
76667, 3131.96
76710, 3124.1
76718, 3093.79
76745, 3089.18
76798, 3065.53
76816, 3052.29
76825, 3052.22
76856, 3042.03
76898, 3039.04
76919, 3032.22
76959, 3031.91
76962, 3028.1
76969, 3027.27
76971, 3021.64
76999, 3016.22
77040, 3004.01
77107, 2999.55
77193, 2996.75
77336, 2987.97
87041, 2965.24
87045, 2899.01
87049, 2789.31
87052, 2703
87066, 2688.13
87070, 2646.55
87074, 2601.31
87076, 2513.32
87083, 2510.04
87087, 2413.1
87090, 2400.99
87093, 2297.41
87106, 2274.64
87108, 2264.51
87111, 2238.1
87113, 2192.22
87126, 2182.89
87127, 2182.37
87129, 2095.92
87134, 2074.32
87137, 2052.17
87139, 2045.27
87140, 2044.8
87145, 2037.82
87146, 2034.9
87150, 2022.55
87153, 1991.51
87156, 1977.37
87159, 1974.52
87165, 1931
87175, 1878.3
87183, 1876.19
87184, 1872.23
87190, 1871.42
87198, 1870.84
87201, 1870.05
87206, 1868.25
87207, 1862.66
87209, 1835.2
87213, 1831.24
87223, 1826.21
87224, 1822.79
87251, 1818.84
87252, 1814.48
87270, 1809.95
87271, 1797.84
87366, 1795.12
87367, 1791.54
87404, 1787.87
87405, 1784.54
87412, 1776.17
87518, 1775.48
87519, 1769.4
87543, 1769.29
87562, 1767.69
87573, 1763.88
87593, 1763.71
87594, 1762.55
87615, 1761.06
87616, 1758.23
87636, 1755.18
87646, 1748.71
87653, 1744.04
87654, 1738.89
87677, 1738.67
87682, 1738.18
87683, 1736.68
87685, 1733.97
87686, 1729.89
87699, 1725.93
87700, 1721.81
87831, 1720.93
87832, 1718.58
87833, 1718.14
87834, 1716.49
88014, 1710.63
88015, 1710.59
88052, 1705.51
88055, 1703.24
88104, 1702.17
88153, 1699
88154, 1695.43
88374, 1691.92
88375, 1690.58
88785, 1690.06
89324, 1687.69
89325, 1685.13
90306, 1684.59
90335, 1683.93
90336, 1682.04
91391, 1680.92
91392, 1679.55
91528, 1678.45
91529, 1675.89
93928, 1674.97
94080, 1674.4
94256, 1672.58
95394, 1671.68
95398, 1668.06
96144, 1667.23
96145, 1665.62
97480, 1664.89
97481, 1663.02
99446, 1662.55
99447, 1662.35
101198, 1661.11
121972, 1660.65
122550, 1660.61
122662, 1660.32
124896, 1660.18
124991, 1659.89
126659, 1659.69
127259, 1659.43
252945, 1651.71
252948, 1644.99
252953, 1620.93
252955, 1597.71
252961, 1587.61
252962, 1586.71
252990, 1563.91
253007, 1559.1
253018, 1549.02
253019, 1547.16
253028, 1545.19
253030, 1541.91
253031, 1540.12
253045, 1538.68
253046, 1531.08
253058, 1520.83
253060, 1519.89
253061, 1515.27
253064, 1508.76
253065, 1503.71
253113, 1502.08
253125, 1495.82
253141, 1486.62
253150, 1479.71
253157, 1475.85
253158, 1470.33
253291, 1469.34
253329, 1464.3
253330, 1463.83
253344, 1461.39
253345, 1459.11
253892, 1458.46
253893, 1455.45
254189, 1455.11
254190, 1453.34
254516, 1452.09
254913, 1451.69
254914, 1449.15
255193, 1448.06
255194, 1445.62
256979, 1444.28
259732, 1443.87
259733, 1443.56
260533, 1439.56
260670, 1439.51
260678, 1439.27
260679, 1438.33
260711, 1438.24
260712, 1437.33
260713, 1436.64
260715, 1436.27
260716, 1433.57
260858, 1429.19
262524, 1428.26
263824, 1427.95
264248, 1426.98
264249, 1426.8
264604, 1426.16
264803, 1425.79
