
1, 4866.93
2, 4826.73
3, 4826.64
4, 4801.21
5, 4800.69
6, 4786.62
7, 4786.26
8, 4705.72
10, 4680.98
12, 4652.28
13, 4650.68
17, 4532.97
19, 4461.14
24, 4435.8
25, 4431.43
28, 4408.63
32, 4380.25
33, 4377.72
39, 4362.99
42, 4344.06
43, 4338.83
47, 4274.63
49, 4175.35
54, 4159.36
55, 4152.8
58, 4131.82
59, 4125.63
63, 4053.89
68, 3954.68
78, 3941.01
79, 3933.49
83, 3930.91
84, 3928.49
90, 3927.04
91, 3908.17
94, 3897.4
95, 3895.75
96, 3875.68
97, 3875.46
100, 3827.31
103, 3806.33
124, 3777.26
129, 3755.2
131, 3716.11
134, 3705.5
135, 3691.88
136, 3636.62
153, 3634.27
154, 3614.99
198, 3606.15
199, 3603.21
218, 3579.77
221, 3572.14
225, 3549.58
226, 3540.84
245, 3530.07
246, 3507.54
248, 3498.15
251, 3461.23
252, 3459.8
258, 3457.36
259, 3451.11
260, 3399.34
264, 3361.43
266, 3343.39
267, 3322.92
306, 3319.15
307, 3312.74
321, 3306.16
322, 3303.39
329, 3286.5
330, 3280.55
344, 3268.12
345, 3265.49
370, 3250.47
371, 3241.76
385, 3166.83
389, 3151.8
390, 3146.36
405, 3133.5
406, 3125.44
460, 3124.05
461, 3119.56
471, 3117.73
516, 3101.7
517, 3081.18
522, 3049.51
523, 3044.64
538, 3038.79
547, 3012.61
548, 3010.99
549, 3010.02
550, 2994.49
552, 2990.16
554, 2975.72
555, 2951.63
615, 2924.23
667, 2899.02
668, 2889.92
727, 2879.33
728, 2857.38
1074, 2854.61
1293, 2840.11
1294, 2829.37
1433, 2814.25
1434, 2812.94
1878, 2807.39
1879, 2795.25
3232, 2784.6
3233, 2783.01
7229, 2781.18
7354, 2777.62
7355, 2771.5
10114, 2767.83
17908, 2767.49
18743, 2762.91
24764, 2762.58
26492, 2758.46
27923, 2756.73
27924, 2752.28
28911, 2749.58
28912, 2747.95
29064, 2747.33
29065, 2745.26
29866, 2742.72
98847, 2726.85
98848, 2726.42
98873, 2724.76
98874, 2722.55
98880, 2705.91
98881, 2697.7
98882, 2695.68
98899, 2678.75
98905, 2652.25
98912, 2625.56
98917, 2601.84
98919, 2601.1
98920, 2598.4
98927, 2594.72
98928, 2592.01
98934, 2545.7
98939, 2527.9
98942, 2522.77
98949, 2509.05
98952, 2500.05
98953, 2497.39
98954, 2489.18
98955, 2488.69
98959, 2482.22
98960, 2478.85
98979, 2473.26
98980, 2469.74
98991, 2432.24
98995, 2413.03
98996, 2411.89
99011, 2402.92
99012, 2402.48
99018, 2381.5
99019, 2380.33
99031, 2373.47
99032, 2369.3
99035, 2343.59
99037, 2342.72
99038, 2337.13
99060, 2330.89
99061, 2329.63
99091, 2325.05
99092, 2323.84
99095, 2322.36
99096, 2316.97
99117, 2307.72
99118, 2304.31
99206, 2284.27
99486, 2263.86
99522, 2262.19
99523, 2253.99
99739, 2243.91
99740, 2243.65
99754, 2235.49
99755, 2228.02
99774, 2223.57
99789, 2222.88
99790, 2217.93
99856, 2210.28
99857, 2207.44
100049, 2202.77
100050, 2195.98
100186, 2192.98
100187, 2188.38
100211, 2184.11
100212, 2176.05
100244, 2170.77
100245, 2163.49
100281, 2162.48
100282, 2161.52
100292, 2156.64
100293, 2153.51
100297, 2149.52
100298, 2144.6
100309, 2138.68
100310, 2135.24
100374, 2131.14
100375, 2128.46
100486, 2123.3
100487, 2120.12
100501, 2113.14
100502, 2110.43
100567, 2109.67
100568, 2107.84
100764, 2107.65
100785, 2102.78
100790, 2097.1
100791, 2093.83
100944, 2087.3
100945, 2085.94
101172, 2082.67
101173, 2076.1
101533, 2073.12
102480, 2072.82
102601, 2069.79
102602, 2069.19
102753, 2069.06
102754, 2065.91
103228, 2065.67
103229, 2064
103594, 2063.91
103595, 2061.4
104233, 2060.3
104234, 2059.24
104314, 2054.15
104560, 2052.58
105289, 2052.47
105290, 2050.88
105402, 2050.68
105403, 2049.16
105659, 2047.25
105660, 2047.13
106723, 2046.06
106724, 2045.73
106836, 2044.83
106837, 2043.85
107357, 2042.78
107654, 2042.6
107655, 2041.87
107998, 2041.2
107999, 2041.15
108582, 2040.87
108583, 2040.48
108671, 2039.85
108958, 2039.73
108959, 2039.31
109021, 2038.48
109825, 2037.68
109915, 2037.45
110794, 2037.35
110795, 2037.22
110871, 2037.11
110872, 2036.98
110957, 2036.96
110958, 2036.74
110990, 2036.68
110991, 2036.45
111028, 2035.79
114054, 2035.11
114055, 2034.78
114635, 2034.13
114636, 2031.53
115084, 2027.8
172938, 2006.23
172942, 2004.64
172943, 2000.18
172944, 1994.41
172953, 1975.25
172956, 1958.73
172961, 1946.35
172962, 1931.96
172975, 1929.35
172976, 1923.14
172983, 1922.28
172984, 1915.05
172986, 1880.59
172992, 1871.96
172993, 1871.24
172994, 1869.48
172995, 1866.76
172998, 1861.82
172999, 1856.74
173011, 1850.22
173015, 1840.02
173017, 1797.51
173019, 1784.98
173026, 1750.39
173036, 1741.11
173038, 1735.78
173039, 1735.23
173040, 1716.9
173049, 1709.86
173050, 1709.82
173059, 1691.25
173063, 1684.97
173064, 1684.81
173069, 1669.81
173072, 1667.52
173073, 1666.62
173077, 1636.85
173089, 1622.94
173095, 1622.32
173098, 1617.13
173100, 1597.7
173102, 1595.18
173103, 1594
173107, 1586.87
173129, 1580.31
173131, 1575.52
173132, 1575.28
173192, 1564.38
173198, 1561.54
173199, 1558.94
173203, 1546.91
173204, 1542.59
173221, 1529.23
173232, 1523.33
173247, 1521.13
173248, 1519.76
173262, 1512.98
173263, 1512.21
173278, 1511.42
173279, 1510.14
173291, 1499.48
173366, 1497.51
173384, 1493.17
173385, 1491.57
173396, 1488.57
173397, 1486.67
173400, 1477.87
173416, 1473.89
173425, 1468.39
173426, 1467.89
173466, 1467.03
173467, 1464.55
173569, 1458.75
173570, 1458.38
173586, 1451.59
173587, 1451.29
173636, 1448.28
173637, 1445.33
173657, 1437.07
173662, 1433.42
173663, 1432.85
173673, 1430.3
173674, 1428.21
173683, 1420.14
173786, 1416.36
173787, 1415
173824, 1414.43
173854, 1413.53
173855, 1412.63
173896, 1411.77
173897, 1409.59
173930, 1405.76
173931, 1403.5
173949, 1402.98
173950, 1401.02
174134, 1400.56
174135, 1399.37
174169, 1398.03
174170, 1396.5
174235, 1391.95
174236, 1391.4
174330, 1390.02
174331, 1387.63
174369, 1386.41
174370, 1385.74
174408, 1381.41
174409, 1380.1
174456, 1376.17
174457, 1374.87
174463, 1370.86
174464, 1370.51
174521, 1369.87
174788, 1368.68
174789, 1366.28
175846, 1364.84
175847, 1363.89
176270, 1363.69
176271, 1363.51
176720, 1361.02
176908, 1360.03
177332, 1358.23
177333, 1357.61
177568, 1357.2
177569, 1356.38
178181, 1354.35
178434, 1353.31
178435, 1352.95
178935, 1352.89
178936, 1351.69
179122, 1350.96
179123, 1350.84
179156, 1349.75
179157, 1349.45
179258, 1348.88
179259, 1348.2
179436, 1347.21
179437, 1346.73
179457, 1346.32
179458, 1345.52
179741, 1342.3
179879, 1341.11
179880, 1340.95
179978, 1340.84
179979, 1339.78
180044, 1339.47
180045, 1338.66
180047, 1338.48
180048, 1337.48
180069, 1337.28
180070, 1336.4
180117, 1335.18
180131, 1335.02
180132, 1334.07
180155, 1334
180156, 1333.06
180208, 1330.8
180335, 1330.57
180412, 1330.23
180413, 1329.52
180427, 1329.24
180428, 1328.51
180647, 1327.88
180648, 1327.42
180674, 1325.62
180696, 1325.6
180706, 1325.36
180707, 1324.49
180735, 1321.37
180749, 1321.3
180884, 1320.99
180885, 1320.58
181043, 1319.67
181044, 1319.51
181461, 1319.51
181462, 1318.75
181509, 1318.04
181531, 1317.8
181532, 1317.35
181550, 1316.75
181551, 1316.68
181690, 1316.64
181691, 1316.04
181745, 1314.27
181785, 1313.77
181791, 1313.08
181794, 1312.23
181874, 1312.08
181910, 1312
181911, 1311.66
181970, 1311.57
181971, 1311.15
182024, 1310.39
182041, 1310.37
182042, 1310.11
182064, 1308.99
183205, 1308.27
183262, 1302.65
183573, 1301.83
183574, 1301.07
183707, 1298.07
184129, 1297.29
184130, 1296.33
185137, 1295.56
185138, 1295.16
185298, 1293.38
185552, 1292.98
185553, 1292.21
186589, 1291.96
186590, 1291.45
186875, 1289.74
187353, 1289.72
187357, 1288.05
188373, 1288.02
188429, 1287.64
188430, 1287.62
188557, 1287.17
188883, 1286.58
199770, 1283.89
199779, 1282.91
199837, 1282.87
199838, 1280.58
199839, 1276.96
199840, 1275.19
199843, 1271.47
199844, 1270.3
199931, 1265.9
199932, 1264.77
200171, 1263
200172, 1262.32
200190, 1249.1
200228, 1248.65
200229, 1246.25
200274, 1234.93
200573, 1234.89
200936, 1232.66
200996, 1230.64
200997, 1228.39
201003, 1225.27
201004, 1224.71
201564, 1221.77
201565, 1219.91
201592, 1219.43
201593, 1219.3
201615, 1214.54
202885, 1214.07
202886, 1213.74
203216, 1212.26
203413, 1210.87
203414, 1210.4
205263, 1209.12
205305, 1209.01
205383, 1208.45
205384, 1208.4
205520, 1208.34
205521, 1207.85
205806, 1207.25
205986, 1207.23
205987, 1206.88
206294, 1206.3
213358, 1205.92
218225, 1205.74
218845, 1205.46
218846, 1204.72
218914, 1203.87
218915, 1203.8
219092, 1202.99
219093, 1202.86
219753, 1202.09
220153, 1201.92
220154, 1201.7
220248, 1201.11
220412, 1200.72
220626, 1200.65
220627, 1200.31
221122, 1200.11
221123, 1199.89
222169, 1199.79
222170, 1199.63
222942, 1199.15
223426, 1198.89
223667, 1198.72
223925, 1198.55
225170, 1198.55
225171, 1198.48
225292, 1198.18
225442, 1197.85
226413, 1197.78
226792, 1197.77
227816, 1197.67
229076, 1197.5
229378, 1197.37
