
1, 3965.57
4, 3913.43
5, 3912.62
9, 3803.06
14, 3764.24
15, 3763.39
17, 3753.97
18, 3752.21
19, 3745.93
22, 3722.6
24, 3685.88
27, 3657.45
28, 3654.58
29, 3622.37
34, 3543.69
36, 3533.58
37, 3531.63
38, 3507.63
41, 3460.07
43, 3456.9
44, 3451.81
48, 3441.09
49, 3436.23
50, 3402.49
54, 3327.05
57, 3290.02
64, 3285.58
65, 3281.46
72, 3248.47
76, 3218.45
78, 3199.98
81, 3180.87
85, 3178.01
86, 3175.44
87, 3174.91
88, 3157.37
98, 3153.15
99, 3152.71
103, 3101.19
110, 3061.2
126, 3034.67
131, 3000.6
133, 2998.69
134, 2992.46
140, 2966.44
145, 2922.57
152, 2904.64
156, 2897.43
158, 2884.78
159, 2884.2
172, 2859.53
173, 2854.42
174, 2794.95
182, 2775.41
183, 2774.64
185, 2727.61
187, 2639.16
191, 2632.46
205, 2608.24
217, 2567.91
218, 2567.13
222, 2547.85
223, 2544.77
224, 2538.73
225, 2531.75
239, 2506.74
243, 2499.23
250, 2469.29
266, 2450.25
272, 2410.26
275, 2395.38
276, 2365.24
280, 2360.4
281, 2354.19
282, 2296.29
292, 2295.87
362, 2294.13
363, 2293.67
364, 2260.98
374, 2249.33
375, 2247.39
389, 2247.36
608, 2242.05
609, 2241.55
639, 2238.41
640, 2235.29
662, 2212.06
666, 2208.07
669, 2202.02
670, 2197.02
673, 2197
699, 2196.32
700, 2191.31
754, 2181.55
774, 2171.85
782, 2169.97
802, 2156.65
803, 2153.32
809, 2149.18
810, 2135.37
858, 2134.53
859, 2132.04
864, 2129.41
869, 2126.07
886, 2112.68
887, 2110.76
941, 2109.57
942, 2107.11
993, 2100.24
994, 2094.14
1005, 2087.07
1006, 2085.24
1019, 2081.6
1020, 2074.45
1066, 2061.4
1067, 2047.08
2160, 2046.46
2161, 2041.22
4263, 2038.77
4264, 2034.78
4387, 2033.51
4388, 2031.56
4443, 2023.88
4444, 2022.91
5415, 2017.38
5416, 2017.24
5837, 2016.3
5838, 2012.3
6329, 2011.05
6330, 2009.5
7318, 2007.82
7319, 2007.68
7494, 2001.32
9159, 2000.84
9326, 2000.75
9573, 2000.42
9578, 2000.24
10496, 1999.86
10497, 1999.77
11346, 1983.6
14317, 1982.92
14318, 1982.21
14655, 1973.9
14787, 1973.7
14788, 1972.3
14789, 1970.96
14810, 1969.12
14811, 1968.46
15423, 1967.87
15424, 1965.61
15706, 1962.02
16140, 1961.49
16141, 1961.04
17449, 1960.45
17450, 1960.1
18483, 1955.65
18654, 1954.94
18903, 1954.52
19401, 1953.61
19461, 1952.19
19837, 1952.16
19847, 1950.77
19966, 1950.69
20314, 1949.46
22008, 1948.22
23265, 1947.4
23266, 1944.33
23598, 1941.22
23599, 1941.05
24058, 1937.54
24059, 1936.59
24806, 1932.93
25484, 1932.48
25572, 1929.9
26392, 1926.06
26739, 1924.14
27151, 1923.75
79323, 1923.56
79337, 1919.42
79338, 1916.41
79355, 1906.15
79360, 1891.4
79377, 1889.71
79378, 1886.73
79399, 1883.3
79400, 1880.34
79485, 1874.42
79486, 1871.14
79789, 1865.11
79790, 1858.17
80028, 1853.76
80029, 1849.82
80295, 1849.32
80296, 1845.15
80311, 1843.5
80312, 1831.04
80369, 1830.05
80522, 1822.84
80523, 1820.38
80860, 1820.04
82494, 1813.3
82966, 1810.96
83218, 1810.24
83219, 1806.29
85402, 1806.03
86116, 1804.19
86117, 1803.39
86731, 1797.62
88513, 1797.07
94386, 1796.61
95060, 1793.9
95523, 1793.72
95646, 1793.19
96171, 1792.89
97418, 1792.55
97419, 1792.52
97715, 1791.93
100467, 1791.83
101068, 1790.88
102827, 1788.77
102828, 1788.23
103247, 1785.63
103248, 1784.06
103734, 1782.79
103735, 1780.25
106543, 1779.95
106544, 1779.52
106603, 1779.45
106604, 1778.85
107379, 1778.19
107666, 1777.82
108496, 1777.67
108497, 1777.38
109473, 1777.32
109474, 1777.1
109691, 1776.59
109774, 1776.35
110057, 1775.51
158218, 1770.99
158232, 1769.44
158271, 1765.38
158272, 1756.93
158273, 1753.85
158282, 1748.05
158283, 1745.63
158300, 1744.55
158301, 1741.2
158302, 1741.12
158303, 1740.1
158304, 1735.38
158305, 1734.3
158309, 1733.04
158310, 1723.95
158343, 1722.12
158344, 1720.86
158363, 1715.43
158378, 1705.33
158379, 1702.82
158382, 1698.48
158383, 1698.07
158391, 1690.92
158392, 1687.5
158407, 1685.98
158408, 1683.44
158440, 1670.95
158466, 1666.69
158467, 1664.37
158491, 1662.34
158492, 1658.41
158507, 1657.57
158508, 1654.65
158752, 1653.37
158753, 1648.18
159392, 1646.43
159499, 1643.64
159500, 1638.56
159571, 1638.42
159582, 1637.41
159583, 1637.08
159614, 1636.28
159615, 1635.29
159690, 1634.04
159691, 1631.3
159850, 1629
159851, 1627.45
159855, 1626.54
159856, 1624.12
160030, 1623.54
160031, 1620.86
160471, 1618.92
160506, 1618.89
160510, 1617.91
160511, 1616.77
160512, 1614.09
160513, 1612.19
160537, 1612.07
160631, 1611.35
160632, 1610.29
160750, 1607.38
160751, 1606.93
160787, 1604.54
160788, 1602.57
160839, 1600.86
160840, 1598.72
160907, 1597.13
160908, 1592.18
160979, 1587.02
160980, 1585.3
161317, 1582.23
161318, 1580.22
161323, 1578.26
161324, 1576.65
161896, 1574.13
161897, 1572.69
162195, 1571.85
162196, 1569.42
162879, 1569.08
162880, 1567.55
162993, 1561.7
163175, 1560.31
163866, 1559.3
163867, 1558.32
163927, 1555.48
163950, 1554.94
163951, 1554.29
164286, 1552.64
164287, 1552.49
164792, 1551.7
164793, 1551.25
165506, 1550.53
165507, 1550.45
165756, 1550.13
165757, 1549.5
165899, 1548.72
165900, 1548.54
166152, 1548.42
166153, 1547.76
166282, 1546.55
167713, 1546.27
280048, 1544.33
280051, 1524.68
280053, 1518.77
280055, 1510.92
280058, 1504.62
280061, 1501.79
280065, 1488.57
280067, 1488.05
280068, 1487.3
280071, 1485.71
280072, 1484.56
280077, 1479.46
280078, 1479.42
280079, 1465.51
280082, 1463.69
280083, 1463.14
280084, 1460.09
280085, 1450.95
280087, 1447.64
280098, 1445.85
280100, 1444.47
280101, 1444.32
280105, 1438.28
280114, 1435.28
280116, 1424.74
280119, 1421.96
280138, 1421.59
280139, 1421.23
280142, 1413.58
280143, 1410.92
280144, 1408.05
280147, 1406.2
280148, 1404.62
280149, 1395.11
280152, 1394.45
280153, 1392.56
280154, 1392.42
280155, 1389.79
280158, 1385.6
280164, 1380.68
280165, 1379.8
280175, 1376.87
280177, 1373.81
280180, 1371.44
280184, 1365.62
280187, 1355.91
280195, 1349.87
280197, 1349.3
280198, 1348.15
280200, 1344.87
280203, 1344.35
280206, 1340.34
280222, 1334.96
280230, 1330.2
280234, 1328.64
280239, 1324.51
280240, 1322.34
280268, 1316.65
280279, 1310.2
280290, 1309.62
280292, 1303.05
280302, 1301.25
280303, 1301.08
280308, 1295.99
280312, 1292.07
280316, 1291.16
280317, 1290.81
280325, 1286.47
280342, 1283.02
280355, 1282.09
280356, 1281.95
280382, 1278.46
280393, 1274.84
280445, 1274.2
280446, 1272.74
280448, 1270.38
280460, 1269.65
280461, 1269.09
280463, 1266.24
280466, 1262.44
280479, 1259.32
280498, 1257.3
280529, 1256.83
280530, 1256.38
280551, 1255.17
280552, 1254.83
280661, 1252.19
280673, 1252.1
280674, 1250.9
280869, 1249.55
280870, 1249.31
280927, 1248.72
280928, 1247.87
280944, 1247.49
280945, 1246.77
281030, 1245.93
281031, 1245.6
281081, 1245.43
281082, 1244.46
281150, 1240.56
281195, 1240.4
281315, 1240.11
281316, 1238.95
281340, 1238.47
281341, 1237.58
281350, 1237.29
281351, 1236.55
281404, 1233.25
281435, 1232.83
281443, 1230.54
281451, 1229.7
281466, 1226.45
281483, 1226.17
281508, 1225.79
281509, 1225.37
281532, 1224.79
281533, 1224.62
281552, 1224.53
281553, 1223.88
281607, 1222.37
281609, 1219.93
281627, 1219.79
281635, 1218.34
281651, 1217.86
281652, 1217.43
281661, 1216.94
281662, 1216.49
281671, 1211.34
281770, 1209.05
281775, 1207.05
281797, 1206.57
281803, 1205.5
281807, 1205.37
281808, 1204.49
281813, 1204.1
281814, 1203.65
281824, 1203.25
281825, 1203.02
281827, 1202.99
281828, 1202.49
281832, 1202.32
281833, 1201.94
281835, 1201.79
281836, 1201.3
281846, 1200.85
281847, 1200.52
281876, 1199.39
281882, 1198.46
281904, 1198.2
281912, 1198.07
281913, 1197.57
281947, 1196.57
282003, 1196.1
282387, 1196.07
282388, 1195.69
282430, 1195.54
282431, 1195.28
282455, 1194.44
282521, 1194.14
282553, 1193.5
282596, 1193.25
282597, 1193.04
282654, 1193.01
282655, 1192.6
282723, 1192.3
282724, 1192.21
282729, 1190.87
282902, 1189.71
283062, 1189.48
283063, 1189.42
283114, 1188.88
283128, 1188.73
283129, 1188.51
283141, 1187.76
283154, 1187.6
283188, 1187.19
283189, 1187.13
283203, 1186.88
283204, 1186.7
283400, 1185.99
283521, 1185.91
283522, 1185.77
283564, 1185.58
283565, 1185.36
283591, 1185.23
283592, 1184.94
283624, 1184.8
283625, 1184.55
283669, 1183.62
283892, 1183.59
283942, 1183.21
284000, 1183.21
284001, 1182.86
284079, 1182.86
284080, 1182.52
284292, 1182.51
284293, 1182.2
284480, 1181.64
284535, 1181.57
284565, 1181.09
284697, 1180.92
284866, 1180.73
284867, 1180.64
285831, 1180.61
285832, 1180.48
285953, 1180.25
286141, 1180.1
286805, 1180.09
286806, 1180.01
286840, 1179.25
287602, 1179.04
288070, 1179
288321, 1178.94
288502, 1178.88
288764, 1178.73
298870, 1178.69
298873, 1178.46
298910, 1175.51
298934, 1172.54
298966, 1171.87
298972, 1165.69
298979, 1163.98
299035, 1163.54
299046, 1161.17
299064, 1160.61
299065, 1160.04
299067, 1158.69
299068, 1158.42
299073, 1157.64
299074, 1156.35
299084, 1156.31
299085, 1155.05
299096, 1154.31
299097, 1154.22
299117, 1154.07
299118, 1153.39
299122, 1150.13
299129, 1149.89
299143, 1149.36
299144, 1148.9
299152, 1147.21
299169, 1145.43
299260, 1144.62
299261, 1144.15
299263, 1143.37
299264, 1142.64
299309, 1141.25
299310, 1141.22
299343, 1139.67
299475, 1138.74
299581, 1138.59
299582, 1137.95
299692, 1137.26
299693, 1137.1
299891, 1136.96
299892, 1136.4
299954, 1136.21
299955, 1135.67
