
1, 23385
2, 23321.1
3, 23317
4, 23248.4
9, 23172
11, 23010.8
13, 22669.9
15, 22449.7
17, 22160
19, 22015.2
21, 21963.8
27, 21831.5
31, 21653
35, 21648
37, 21407.2
40, 21304.3
42, 21097
44, 21065.6
46, 20874.5
50, 20827.1
52, 20806.5
55, 20765
59, 20740.9
63, 20562.4
65, 20472.4
67, 20408.2
69, 20249.9
72, 20163.7
75, 20146.1
78, 20079.7
80, 20028.8
82, 20017.1
86, 20010.4
87, 19757.6
94, 19671.3
96, 19526.6
100, 19511.6
103, 19428.1
107, 19406.4
111, 19405
124, 19338.6
126, 19321.8
128, 19203.9
130, 19125
133, 18976.4
138, 18854.5
142, 18772.5
144, 18723.2
148, 18478.4
158, 18414.6
162, 18286.1
166, 18224.8
168, 18169.9
173, 18118.6
176, 18030.9
179, 17926.8
181, 17824.2
184, 17652.4
190, 17569.4
199, 17314.8
205, 17292.5
209, 17246.8
212, 17202.8
217, 17077.5
229, 16981.7
233, 16957.6
240, 16932.4
243, 16793.9
252, 16727.8
258, 16721
260, 16698.4
265, 16556.3
267, 16543.8
276, 16389.7
280, 16256.7
292, 16247.5
298, 16235.9
300, 16180
303, 16152.8
305, 16058.5
321, 16002.6
331, 15965.1
335, 15964.7
341, 15924.9
345, 15839.8
349, 15807.1
357, 15696
361, 15654
366, 15626
374, 15562
384, 15535.3
386, 15511
390, 15415.3
400, 15336.8
420, 15336.1
422, 15289.5
430, 15236.6
436, 15202.9
440, 15191.2
448, 15173.5
451, 15150.8
460, 15131.3
464, 15035.2
475, 15031.6
481, 15031
484, 14953.2
494, 14944
498, 14915
507, 14885.2
511, 14851.9
521, 14788.4
537, 14747.4
559, 14725.2
563, 14720
569, 14693.2
571, 14692.9
582, 14573
610, 14554.9
615, 14545.6
619, 14522.5
627, 14512
639, 14496.7
653, 14455
687, 14423
707, 14414.4
712, 14394.7
745, 14391.8
754, 14389.8
761, 14383.4
763, 14359.9
768, 14354.6
773, 14333.8
777, 14317.1
798, 14290.8
854, 14275.1
857, 14260.3
955, 14237.4
1008, 14220.4
1020, 14192.3
1201, 14175.8
2434, 14169.4
2454, 14168.1
2457, 14158.7
2464, 14144.4
2739, 14137.9
2912, 13990.4
2914, 13834.6
2920, 13806.6
2923, 13686.7
2928, 13598.7
2930, 13585
2936, 13538.5
2940, 13451.5
2942, 13380.1
2947, 13249.3
2949, 13217
2951, 13209
2953, 13159.2
2963, 13101.5
2965, 13015.1
2968, 12951.8
2970, 12898
2977, 12841.7
2979, 12825.7
2983, 12727
2993, 12683.8
3008, 12631.3
3010, 12579.5
3020, 12466.6
3022, 12422.5
3028, 12396.8
3033, 12370.8
3035, 12258.8
3037, 12238.8
3041, 12147.6
3050, 11982.8
3067, 11933.4
3075, 11923.5
3078, 11881.4
3080, 11814.7
3082, 11704.6
3092, 11678.3
3099, 11630.7
3111, 11559.1
3122, 11504.7
3128, 11410.8
3147, 11397.8
3159, 11386.4
3162, 11288.3
3168, 11251.3
3171, 11245.3
3176, 11226.4
3178, 11147
3183, 11122.5
3190, 11121.9
3192, 11112.8
3203, 11094.1
3210, 11091.6
3221, 11079.5
3224, 11054.9
3226, 11022.8
3232, 11010.4
3236, 11007.1
3241, 10892.9
3267, 10887.4
3277, 10862
3282, 10857.8
3284, 10829.2
3296, 10825.6
3299, 10817.5
3307, 10815.6
3312, 10781.2
3318, 10764.4
3322, 10761
3330, 10754.6
3333, 10733
3338, 10729.8
3358, 10689.4
3365, 10655.4
3387, 10649.3
3395, 10639
3398, 10636.9
3403, 10635.7
3424, 10595.2
3433, 10573.7
3456, 10572.6
3461, 10569.3
3465, 10567
3468, 10565.7
3470, 10529.1
3494, 10511.1
3514, 10493.2
3531, 10490.3
3566, 10472.5
3570, 10469.1
3586, 10467.1
3589, 10462.4
3603, 10448.1
3615, 10444.4
3624, 10418.7
3626, 10398.6
3770, 10395.6
3793, 10388.5
3808, 10364.5
4019, 10362.7
4146, 10353.7
25192, 10313.1
25194, 10192.4
25196, 10164.3
25198, 10159.1
25199, 10157.8
25204, 10075.8
25207, 10048
25211, 9944.97
25216, 9939.14
25218, 9895.31
25220, 9891.19
25223, 9876.44
25229, 9706.53
25235, 9695.36
25237, 9667.78
25239, 9657.72
25241, 9640.86
25244, 9561.36
25248, 9552.02
25257, 9549.4
25260, 9485.23
25266, 9485.2
25267, 9445.69
25271, 9411.34
25273, 9400.78
25275, 9340.34
25278, 9262
25281, 9197.88
25284, 9195.11
25286, 9112.48
25289, 9060.64
25293, 8996.12
25301, 8949.52
25303, 8883.66
25305, 8818.79
25307, 8817.9
25309, 8712.81
25318, 8610.75
25321, 8518.37
25323, 8517.62
25329, 8483.79
25333, 8428.5
25335, 8411.22
25341, 8359.82
25353, 8290.59
25359, 8245.72
25363, 8205.81
25365, 8166.42
25367, 8129.26
25370, 8103.29
25372, 8086.85
25379, 8074.22
25381, 8025.99
25384, 7991.92
25386, 7985.23
25388, 7931.35
25390, 7881.1
25394, 7877.84
25397, 7877.23
25407, 7826.39
25409, 7820.36
25414, 7769.49
25416, 7740.13
25420, 7691.19
25428, 7668.13
25430, 7636.88
25432, 7636.63
25438, 7565.46
25446, 7548.14
25450, 7547.26
25453, 7519.11
25457, 7469.01
25465, 7452.3
25480, 7402.63
25486, 7313.9
25509, 7277.47
25513, 7260.62
25522, 7175.94
25541, 7171.66
25544, 7131.37
25550, 7113.92
25560, 7100.66
25579, 7099.86
25585, 7099.55
25588, 7093.31
25590, 7036.86
25597, 7014.14
25600, 7001.41
25602, 6999.15
25614, 6999.1
25617, 6988.72
25619, 6987.25
25624, 6954.17
25631, 6944.82
25633, 6918.2
25652, 6883.19
25660, 6860.83
25673, 6845.66
25692, 6819.91
25706, 6812.56
25710, 6807.1
25714, 6796.6
25723, 6796.32
25728, 6759.03
25754, 6747.2
25758, 6736.72
25774, 6732.15
25784, 6726.08
25793, 6725.86
25797, 6709.55
25800, 6702.61
25808, 6700.23
25818, 6685.29
25822, 6665.3
25879, 6652.59
25900, 6643.3
25944, 6625.59
25960, 6617.27
26003, 6617.09
26005, 6604.25
26015, 6602.04
26022, 6597.73
26052, 6590.07
26127, 6585.5
26130, 6584.02
26137, 6574.6
26296, 6563.11
26363, 6560.71
