
1, 93001.3
2, 92399.7
4, 91544.2
6, 91278.7
12, 90764.2
14, 89769.6
17, 89703
18, 89701.7
25, 88455.1
30, 87470.2
32, 87288.7
34, 86837.2
36, 85080.6
38, 84967.2
40, 84252.1
45, 83680.3
47, 83558.3
51, 82453.1
55, 81830.8
57, 81668.3
61, 81415.7
65, 80017
68, 79297.9
72, 79145.4
74, 78969.1
77, 78066.7
79, 77844
83, 77312.5
85, 76869
90, 76642.3
94, 76124.6
98, 75950.6
100, 75921.8
104, 75486.4
106, 75319.1
110, 74788.6
116, 74306.5
120, 73993.8
122, 73571.2
127, 73410.6
136, 73028.9
140, 72615.9
142, 72506
144, 72085.2
147, 71627.5
152, 71562.5
155, 71167.7
165, 71166
168, 70767.2
180, 70619.3
183, 70289.1
185, 70143.4
194, 70060.6
196, 69393.1
198, 69334
203, 68911.3
210, 68715
212, 68712
215, 68705.3
219, 68414.3
224, 68302
230, 68175.1
232, 68108.6
234, 68047.1
236, 67986.3
240, 67536.6
246, 67238.8
252, 66889.4
256, 66611.8
266, 66446
276, 66161.9
282, 66015.1
290, 65993.6
299, 65696.3
301, 65623.3
306, 65573.8
319, 65437.6
325, 64842
333, 64569.6
343, 64531.5
347, 64353.1
353, 64178.7
368, 63965.9
383, 63753.9
404, 63693.1
411, 63596.2
413, 63483.5
415, 63444.3
421, 63326.2
433, 63125.7
466, 63068.9
468, 63052.6
475, 62933.1
477, 62670.5
505, 62649.2
511, 62639.7
517, 62239.1
523, 62222.6
536, 62060.4
575, 62024.1
577, 61956.4
579, 61921.5
581, 61828.8
584, 61679.1
595, 61605.9
615, 61572.2
619, 61500.2
638, 61474
647, 61394.6
664, 61355.5
666, 61305.9
673, 61093.2
707, 61025
733, 60997.5
747, 60835.1
781, 60832.9
796, 60820.1
803, 60747.9
809, 60665
837, 60588
853, 60496.3
880, 60441.2
927, 60362.3
1004, 60300.6
1104, 60276.6
1134, 60251.1
1405, 20411.4
1407, 20171.7
1409, 20010.3
1411, 19631.6
1413, 19598.4
1414, 19593.3
1417, 19543.2
1420, 19263.3
1423, 19219.7
1425, 19216.5
1426, 19206.9
1431, 19013.3
1434, 18943.8
1436, 18730.7
1438, 18586.6
1444, 18543.8
1447, 18424
1449, 18277.4
1451, 18244.9
1454, 18084.6
1460, 18006.8
1461, 17958.8
1466, 17826.4
1473, 17714.2
1475, 17551.6
1477, 17436.9
1479, 17419.8
1484, 17324.8
1486, 17009.5
1489, 16986.5
1491, 16849.8
1496, 16621.9
1502, 16534.6
1507, 16396.2
1509, 16105.3
1518, 16042.9
1520, 15954.6
1524, 15924.7
1526, 15714.1
1532, 15587.7
1534, 15582.5
1539, 15532.4
1543, 15486.1
1545, 15321.3
1560, 15122.5
1565, 15121.8
1567, 14960.6
1571, 14944.3
1574, 14790
1578, 14610.6
1587, 14571.1
1592, 14559.5
1595, 14547.2
1599, 14433.7
1603, 14417.9
1605, 14283.4
1614, 14081
1635, 13987.8
1639, 13879.6
1650, 13849
1655, 13824.8
1657, 13796.7
1669, 13686
1672, 13661.3
1674, 13526.4
1684, 13526
1690, 13308.2
1709, 13273
1716, 13166.7
1727, 13120.6
1737, 13070.9
1751, 13065.4
1755, 13039.9
1760, 12902.2
1772, 12883.7
1781, 12874
1786, 12871.5
1789, 12846.8
1795, 12824.9
1797, 12808.4
1803, 12774.4
1807, 12731.2
1819, 12714.5
1823, 12669.5
1831, 12580.8
1838, 12579.4
1847, 12559
1858, 12521.7
1864, 12499.1
1879, 12439.6
1890, 12416.3
1904, 12357.2
1906, 12305.9
1939, 12284.5
1948, 12200.2
1981, 12185.2
1994, 12146.9
1996, 12145.6
2014, 12142.3
2016, 12128.4
2039, 12088.1
2056, 12080.3
2062, 12015.1
2106, 11995.7
2150, 11968.6
2208, 11964.6
2230, 11945.5
2234, 11940.4
2286, 11910.2
2345, 11900.9
2387, 11893.5
2412, 11883.1
2414, 11883
2558, 11865.5
18543, 11854
18595, 11812.3
18687, 11805.4
18715, 11805.1
18717, 11800.6
18729, 11799.8
18744, 11787.9
18768, 11749.2
18978, 11742.9
19019, 11740.6
19021, 11740.6
19097, 11731.1
28000, 11728.6
28015, 11726.3
28025, 11679.9
28043, 11651.8
28053, 11645.9
28064, 11627.1
28073, 11606.1
28087, 11590.5
28092, 11582.4
28100, 11520.1
28104, 11506.2
28111, 11503.8
28129, 11494.5
28141, 11473.5
28145, 11469.9
28156, 11460.6
28162, 11458.8
28167, 11435.1
28174, 11411
28177, 11390.9
28195, 11382.3
28205, 11340.8
28218, 11340.5
28254, 11334.1
28258, 11334
28265, 11308.7
28278, 11272.9
28350, 11249.2
28392, 11235.3
28444, 11229.1
28453, 11218.8
28507, 11205.2
28553, 11195.2
28620, 11179.3
55527, 11159.7
55534, 11135.2
55543, 11015
55545, 10992.4
55547, 10990.2
55551, 10971
55554, 10947.1
55557, 10807.7
55570, 10760.9
55574, 10681.5
55577, 10665.4
55581, 10623.2
55585, 10601
55590, 10576.8
55598, 10576.2
55600, 10508.3
55603, 10496.9
55608, 10487.3
55610, 10464.8
55612, 10303.9
55616, 10269.6
55626, 10171.9
55633, 10136.1
55639, 10081.4
55642, 9994.68
55648, 9924.98
55654, 9878.17
55660, 9831.24
55670, 9827.02
55672, 9820.62
55677, 9800.51
55681, 9741.52
55690, 9712.86
55692, 9612.79
55696, 9588.75
55705, 9521.32
55723, 9428.18
55725, 9392.76
55727, 9363.81
55733, 9308.65
55759, 9278.91
55762, 9246.4
55765, 9223.23
55767, 9208.17
55769, 9178.66
55777, 9167.59
55779, 9142.92
55786, 9142.6
55789, 9122.45
55791, 9070.8
55800, 9040.51
55802, 9018.06
55805, 9016.37
55810, 8966.44
55822, 8956.71
55824, 8926.65
55831, 8919.26
55833, 8873.5
55857, 8843.59
55862, 8838.95
55873, 8827.7
55914, 8802.54
55923, 8800.31
55927, 8799.23
55931, 8754.04
55955, 8734.29
55972, 8720.46
55975, 8680.98
56007, 8678.69
56010, 8660.67
56013, 8656.61
56019, 8652.76
56028, 8625.96
56040, 8625.33
56044, 8621.23
56056, 8615.26
56065, 8612.79
56068, 8593.59
56074, 8583.99
56086, 8574.09
56088, 8564.83
56101, 8539.65
56124, 8523.5
56145, 8513.2
56147, 8495.48
56179, 8479.27
56207, 8472.3
56227, 8464.96
56240, 8446.68
56340, 8441.72
56358, 8430.69
56365, 8426.43
56368, 8423.35
56452, 8420.84
56456, 8419.95
56545, 8419.15
56557, 8418.7
56564, 8408.77
56585, 8405.2
56803, 8404.94
92727, 8384.87
92729, 8379.32
92733, 8315.42
92737, 8290.9
92740, 8260.14
92742, 8245.6
92747, 8168.59
92750, 8143.72
92758, 8110.54
92763, 8100.83
92766, 8080.42
92773, 8010.64
92786, 7971.67
92788, 7965.08
92791, 7942.72
92794, 7921.53
92797, 7917.42
92804, 7901.88
92806, 7865.9
92816, 7822.03
92829, 7787.22
92836, 7754.03
92838, 7687.78
92850, 7682.53
92855, 7632.04
92886, 7620.95
92898, 7559.13
92901, 7517.69
92903, 7489.69
92928, 7472.19
92933, 7467.03
92943, 7457.73
92949, 7452.91
92953, 7404.87
92961, 7379.71
92965, 7369.49
92983, 7330.02
93000, 7328.36
93004, 7327.17
93008, 7314.21
93013, 7288.84
93020, 7274.82
93028, 7260.28
93035, 7228.12
93052, 7219.68
93054, 7218.77
93086, 7178.03
93114, 7165.49
93116, 7159.25
93134, 7154.7
93139, 7141.7
93156, 7127.05
93168, 7117.88
93188, 7110.2
93197, 7108.89
93218, 7107.72
93222, 7103.33
93227, 7062.5
93293, 7055.76
93313, 7048.82
93320, 7038.81
93352, 7035.31
93354, 7022.67
93383, 7006.77
93431, 7006.47
93434, 7004.59
93443, 7000.8
93450, 6988
93468, 6986.53
93490, 6959.83
231182, 6949.94
231195, 6896.5
231202, 6895.38
231204, 6892.65
231208, 6872.9
231212, 6812.51
231232, 6809.99
231234, 6769.53
231242, 6754.13
231253, 6736.93
231257, 6729.95
231263, 6727.51
231273, 6700.01
231287, 6684.34
231294, 6677.96
231300, 6659.34
231302, 6649.97
231306, 6647.71
231318, 6646.79
231327, 6640.89
231337, 6624.13
231340, 6620.8
231342, 6608.69
231353, 6561.71
231372, 6545.26
231374, 6536.47
231396, 6531.98
231398, 6521.53
231400, 6507.46
231415, 6484.39
231429, 6481.8
231448, 6478.84
231455, 6454.28
231501, 6445.09
231511, 6443.98
231514, 6434.85
231531, 6425.93
231533, 6401.31
231565, 6399.35
231588, 6391.53
231598, 6390.22
231631, 6384.56
231648, 6383.17
231673, 6372.32
231711, 6371.12
231715, 6364.07
231724, 6355.53
231752, 6353.33
231818, 6338.39
231960, 6330.25
