
1, 13096.7
3, 13080.7
5, 13007
7, 12997.1
8, 12993.5
9, 12918.9
12, 12897.9
13, 12897.2
14, 12891.1
15, 12889.1
21, 12856
27, 12839.5
29, 12725.9
35, 12637.1
38, 12565.3
40, 12506.4
45, 12505.7
46, 12501.4
49, 12432
53, 12383.6
58, 12334.6
62, 12279.7
65, 12179.7
68, 12152.7
73, 12147.5
74, 12143.2
75, 12106.2
77, 12065.9
81, 12054.6
82, 12011.4
86, 12010.2
88, 11994.7
94, 11976.8
97, 11950.6
99, 11896.1
101, 11865.1
105, 11850.2
106, 11794.9
109, 11706.1
111, 11654
114, 11653.1
115, 11644.3
119, 11641.1
127, 11623.4
129, 11544.4
131, 11526.7
135, 11518.5
137, 11464
140, 11448.6
141, 11432.2
143, 11318.4
148, 11294.8
150, 11208.4
153, 11198
156, 11174.3
158, 11120.7
161, 11107.6
165, 11106.4
167, 11102.2
171, 11052.4
174, 11026.5
177, 10920
180, 10871.6
183, 10825.7
185, 10764.4
187, 10758.8
189, 10752.8
192, 10717.6
201, 10681.2
205, 10669.4
207, 10591.8
218, 10589.6
221, 10577.2
223, 10510.5
230, 10453.1
238, 10429.9
242, 10375.5
244, 10355.9
255, 10265.3
260, 10228.1
262, 10214.4
267, 10173.7
273, 10123.6
277, 10106.3
279, 10097.5
283, 10082.8
289, 10008.4
295, 9942.95
303, 9924.56
310, 9912.29
312, 9895.13
317, 9835.23
320, 9818.32
323, 9784.85
337, 9784.15
340, 9766.79
344, 9766.6
348, 9735.26
350, 9707.3
354, 9698.76
363, 9696.57
368, 9674.36
371, 9653.32
373, 9628.03
391, 9615.89
394, 9568.01
402, 9565.83
408, 9537.77
425, 9504.86
427, 9474.69
435, 9436.18
450, 9396.9
470, 9360.7
484, 9355.75
486, 9355.28
489, 9311.21
502, 9295.83
505, 9270.03
527, 9266.47
543, 9256.84
545, 9248.36
547, 9218.35
557, 9212.53
562, 9210.83
566, 9202.42
572, 9191.44
587, 9185.96
599, 9180.34
609, 9148.81
621, 9142.42
627, 9132.69
652, 9127.01
656, 9112.33
667, 9109.98
673, 9103.78
678, 9100.68
680, 9098.74
689, 9097.01
694, 9083.78
702, 9067.79
728, 9059.33
748, 9053.44
762, 9037.93
813, 9014.14
874, 9010.74
883, 9007.61
885, 8997.92
973, 8992.11
1063, 8988.78
1074, 8981.85
1087, 8981.26
1108, 8973.61
1170, 8972.05
1188, 8971.02
1282, 8970.41
1299, 8964.7
2180, 8960.91
2215, 8960.13
2275, 8943.91
2290, 8940.95
2304, 8940.47
2318, 8937.12
2326, 8934.48
2331, 8923.73
2383, 8918.48
2520, 8915.57
6898, 7598.48
6899, 7592.32
6900, 7590.92
6901, 7563.04
6904, 7531.21
6906, 7530.34
6907, 7521.4
6908, 7421.78
6910, 7412.72
6911, 7409.05
6914, 7388.93
6917, 7287.5
6920, 7275.36
6921, 7273.9
6923, 7226.76
6925, 7204.84
6929, 7132.26
6932, 7124.94
6933, 7087.46
6935, 7031.2
6938, 7011.02
6944, 7007.1
6945, 6926.47
6948, 6918.78
6952, 6860.35
6958, 6828.44
6965, 6814.51
6967, 6787.71
6969, 6766.37
6973, 6764.95
6974, 6734.72
6979, 6705.7
6982, 6677.98
6986, 6664.01
6989, 6655.24
6991, 6599.38
6995, 6576.63
6997, 6554.03
7000, 6545.01
7002, 6536.94
7006, 6511.47
7011, 6507.14
7013, 6504.21
7015, 6500.32
7020, 6461.37
7026, 6452.59
7031, 6437.81
7033, 6418.92
7035, 6405.64
7042, 6386.08
7044, 6340.11
7052, 6312.48
7056, 6307.27
7067, 6265.15
7077, 6246.36
7082, 6229.63
7084, 6218.23
7086, 6209.49
7088, 6188.34
7101, 6171.05
7104, 6159.57
7112, 6145.67
7115, 6141.68
7117, 6126.68
7122, 6123.25
7127, 6098.43
7136, 6078.29
7143, 6072.37
7148, 6065.31
7151, 6059.12
7156, 6040.68
7167, 6028.34
7169, 6007.25
7178, 5992.1
7182, 5991.63
7189, 5972.43
7191, 5943.05
7199, 5915.78
7227, 5912.53
7234, 5907.3
7242, 5902.11
7244, 5885.38
7247, 5884.91
7250, 5884.82
7254, 5882.96
7263, 5864.78
7271, 5855.93
7276, 5854.13
7285, 5846.37
7296, 5834.06
7314, 5806.79
7333, 5805.57
7337, 5793.59
7344, 5785.03
7355, 5776.13
7357, 5774.68
7368, 5766.25
7372, 5763.81
7380, 5758.1
7388, 5755.04
7392, 5751.13
7399, 5748.8
7401, 5740.74
7407, 5736.65
7429, 5735.55
7446, 5730.43
7450, 5707.95
7465, 5706.85
7479, 5696.52
7495, 5694.72
7512, 5686.7
7532, 5682.69
7542, 5681.67
7552, 5677.95
7562, 5674.36
7570, 5667.74
7614, 5664.58
7618, 5664.4
7632, 5663.73
7649, 5662.01
7652, 5660.3
7654, 5659.12
7684, 5655.15
7711, 5654.64
7728, 5649.22
7746, 5647.36
7796, 5646.37
7861, 5645.79
7874, 5643.97
7896, 5642.74
7901, 5636.38
7996, 5636.04
8068, 5632.17
88877, 5630.3
88879, 5611.38
88881, 5593.49
88898, 5577.91
88907, 5563.65
88917, 5534.69
88923, 5532.35
88932, 5520.53
88936, 5518.59
88938, 5514.04
88942, 5488.64
88964, 5478.18
88969, 5468.48
88987, 5453.62
88999, 5440.26
89001, 5428.72
89008, 5417.4
89014, 5390.83
89026, 5385.28
89029, 5379.7
89037, 5360.95
89041, 5346.03
89045, 5339.35
89073, 5329.24
89094, 5326.81
89098, 5314.95
89103, 5313.54
89109, 5308.13
89114, 5294.88
89116, 5285.3
89118, 5278.26
89123, 5275.98
89149, 5263.99
89159, 5261.45
89171, 5256.24
89179, 5250.31
89197, 5249.62
89201, 5238.85
89203, 5230
89227, 5229.01
89238, 5224.64
89260, 5224.49
89263, 5217.34
89281, 5213.39
89287, 5204.62
89318, 5198.84
89329, 5197.23
89350, 5193.09
89354, 5186.14
89363, 5180.23
89390, 5178.24
89399, 5176.61
89408, 5175.44
89423, 5168.44
89477, 5164.95
89493, 5164.02
89522, 5163.21
89527, 5162.2
89556, 5157.73
89564, 5153.62
89577, 5151
89727, 5150.4
89758, 5144.41
