
1, 175415
5, 173983
8, 172424
11, 170036
14, 169570
16, 167195
18, 167040
20, 166107
22, 165368
24, 164455
26, 163753
28, 163271
30, 162839
33, 161337
35, 159714
37, 159166
39, 157515
41, 156691
43, 155631
49, 153606
51, 152112
53, 151878
57, 150875
59, 149725
62, 148924
66, 148852
69, 148245
73, 146699
75, 144972
78, 144250
81, 144227
85, 141653
87, 140982
90, 140678
93, 140182
95, 140108
97, 139236
99, 137597
105, 137493
107, 136786
110, 136588
113, 135745
122, 135251
127, 134726
134, 134699
137, 133431
139, 132917
141, 131687
145, 131608
148, 131590
151, 131125
158, 130921
162, 130640
165, 130563
170, 129081
172, 128578
175, 127954
177, 127464
180, 126928
190, 126411
192, 125626
196, 125440
198, 124535
200, 123885
205, 123351
208, 123163
212, 123122
220, 122895
225, 122296
229, 122002
231, 121530
235, 121287
239, 121122
242, 120675
244, 120051
255, 119205
257, 118995
261, 118799
273, 118566
276, 117875
280, 117651
285, 117461
288, 116701
299, 116290
301, 116279
303, 115906
312, 115569
319, 115340
331, 115307
335, 115106
341, 114800
349, 114765
358, 114155
360, 114116
366, 113904
370, 113325
388, 113207
398, 112518
418, 112266
420, 111993
422, 111853
427, 111433
437, 111391
439, 111344
448, 110867
463, 110672
467, 110461
471, 110340
482, 110094
484, 110068
486, 110050
497, 109768
502, 109261
516, 109250
518, 109242
520, 109211
529, 108822
535, 108527
544, 108462
566, 108403
583, 108258
587, 107977
602, 107880
614, 107658
636, 107626
640, 107564
643, 107532
649, 107446
660, 107261
667, 107254
672, 107078
695, 106820
730, 106802
732, 106774
737, 106639
771, 106501
776, 106459
809, 106207
852, 106044
907, 105989
984, 105882
1081, 105826
1114, 105815
1149, 105775
1309, 105773
2051, 105754
2072, 105754
2083, 105690
2101, 105465
2146, 105452
2164, 105345
2173, 105291
2186, 105284
2217, 105093
2302, 104951
2304, 104950
2318, 104939
2322, 104889
2328, 104879
2345, 104865
2433, 104843
2435, 104825
2444, 104818
2480, 104817
2489, 104802
2496, 104735
2556, 104694
2777, 104425
2779, 103527
2781, 101851
2787, 100814
2790, 100720
2791, 100386
2794, 100337
2796, 100123
2801, 99189.7
2808, 99016.9
2811, 98811.7
2813, 97612.2
2815, 97537.1
2817, 97020.7
2819, 96983.4
2821, 96824.4
2824, 95207.3
2827, 94890
2833, 93850.7
2835, 93794.2
2840, 93395.5
2842, 93187
2846, 92501.9
2848, 91862.8
2856, 91689.1
2859, 91341.9
2863, 90659.1
2866, 89744.4
2868, 89662.4
2870, 89261.9
2880, 88646.7
2883, 88112.8
2885, 87631.7
2888, 86744.6
2897, 86265.9
2900, 85683.3
2903, 85650
2910, 85435.2
2912, 85399.5
2915, 84453.5
2917, 84016
2919, 83932
2921, 82900.7
2926, 82739.8
2928, 82069.8
2930, 81622.2
2935, 80728
2937, 80543.1
2942, 80315.8
2944, 80091
2947, 79757.6
2953, 79525.7
2958, 79111.6
2965, 78268.6
2974, 77982.6
2978, 77514.7
2993, 77087.8
3000, 77026.6
3016, 76540.4
3018, 76487.6
3023, 76336
3025, 75363.6
3027, 75106.6
3039, 75064.8
3044, 74917
3046, 74389.8
3055, 73503.2
3063, 73475.7
3065, 73386.5
3070, 73097.9
3078, 72527.1
3084, 72260.9
3090, 71347.9
3105, 71243.2
3115, 71221
3117, 71199.6
3120, 71082.6
3123, 70959.7
3125, 70826
3133, 70328.6
3159, 70327.7
3163, 70013.4
3167, 69940.8
3179, 69742.8
3183, 69557.3
3185, 69447.3
3188, 69371.7
3193, 69117.7
3195, 69025.3
3197, 68926.9
3199, 68821.6
3228, 68542.1
3241, 68487.9
3250, 68453.3
3252, 68409.4
3254, 68292.3
3256, 68274.9
3272, 67955.2
3287, 67911.9
3290, 67822.7
3302, 67695.6
3315, 67345
3337, 67204.6
3345, 66984.1
3355, 66831.1
3391, 66779.4
3400, 66594.2
3438, 66570.7
3450, 66567.3
3452, 66541.4
3467, 66476.8
3474, 66422.9
3480, 66119.3
3515, 66093.8
3556, 66020.5
3574, 65937.1
3584, 65932.8
3598, 65875.4
3642, 65796.2
3647, 65756.1
3697, 65725.7
3721, 65679.6
3759, 65667.3
3777, 65661.4
3794, 65656.9
3796, 65568.1
3832, 65534.9
3956, 65534.3
8561, 65316
8563, 65230.7
8573, 65126.7
8576, 64717.3
8581, 64401.1
8585, 63899.4
8600, 63668.7
8604, 63476
8609, 63412.1
8612, 63173
8631, 62779.4
8650, 62619
8658, 62570.1
8660, 62228.2
8679, 62141.5
8689, 62100
8696, 61863.5
8698, 61732.5
8712, 61465.4
8719, 61092.4
8751, 61058.7
8758, 61046.1
8765, 60953.9
8778, 60788.9
8790, 60716.3
8796, 60492.3
8808, 60435.6
8814, 60400.4
8822, 60197.2
8847, 60105.1
8849, 59979.8
8862, 59814.7
8864, 59784.4
8892, 59742.9
8903, 59690.9
8915, 59673.6
8925, 59581.7
8931, 59480.2
8938, 59456.5
8951, 59452.6
8959, 59408.7
8969, 59178.1
9003, 59171.8
9009, 59142.9
9026, 59061.8
9051, 59040.2
9055, 59030.8
9068, 58860.4
9120, 58759.8
9164, 58695.3
9196, 58579.5
9519, 58568.4
9664, 51505.9
9665, 50959.6
9667, 50507.3
9669, 50258.2
9673, 49881
9676, 49746.1
9679, 49607.2
9681, 49577.9
9682, 49576.8
9683, 49291.4
9686, 48658.8
9689, 48204.5
9692, 48081.5
9695, 47858.5
9697, 47427.3
9699, 47378.8
9704, 47279.1
9706, 47277.5
9707, 47274.7
9710, 46955.8
9715, 46883.4
9719, 46728
9721, 46677.6
9723, 46656.1
9725, 46124.5
9728, 46060.1
9730, 45307.9
9736, 44979.7
9738, 44822.3
9740, 44792.1
9742, 44350.2
9744, 44230.2
9746, 44188.3
9750, 43752.6
9752, 43671.3
9757, 43614.6
9761, 43362.8
9763, 43229.1
9768, 43042.8
9780, 42920.8
9782, 42681
9788, 42617.8
9793, 42522.3
9796, 42461.9
9798, 42429.5
9801, 42001.2
9806, 41730.2
9810, 41549.9
9813, 41252.6
9820, 41013.2
9826, 40955.3
9828, 40943.9
9830, 40917.7
9833, 40459.3
9838, 40283.3
9841, 39948
9847, 39872
9849, 39833.3
9855, 39479.8
9867, 39235.6
9869, 38787.5
9877, 38654.9
9880, 38375.4
9896, 38326.7
9902, 38168
9906, 38065
9916, 37882.1
9918, 37875.5
9926, 37723.5
9929, 37719.1
9931, 37715.7
9934, 37583.9
9947, 37572.5
9953, 37229.4
9960, 37033.8
9970, 36828.4
9977, 36787.7
9979, 36747.4
9985, 36663.5
9987, 36530.1
9995, 36301.4
10000, 36283.5
10004, 36160.5
10019, 35977.2
10021, 35810.1
10025, 35777.9
10037, 35400.3
10047, 35382.8
10052, 35344.6
10056, 35161.3
10064, 35025.5
10066, 34933.6
10075, 34900.3
10077, 34814.1
10086, 34757.8
10101, 34722.1
10109, 34686.4
10115, 34679.9
10121, 34618.6
10125, 34520.1
10129, 34498.6
10134, 34441.3
10166, 34378.9
10170, 34271.5
10178, 34173.4
10192, 34132.9
10211, 34040.7
10231, 34028.6
10239, 33924.5
10241, 33867.5
10259, 33859.2
10275, 33835.7
10280, 33765.3
10295, 33759.9
10302, 33657.7
10339, 33620.6
10350, 33600.3
10374, 33546.2
10395, 33532.9
10441, 33512.9
10472, 33487.4
10489, 33486
10495, 33450.2
10509, 33383.3
10597, 33341.5
10644, 33301.4
10731, 33274.6
21459, 33254.9
21461, 33179.5
21503, 33130.7
21520, 33053.5
21543, 33045.5
21581, 33001.6
21604, 32998.6
21616, 32995.5
21635, 32953.7
21643, 32899.4
21694, 32868.5
21712, 32784.3
21723, 32783.6
21855, 32783.2
21870, 32771.2
21920, 32770.9
22014, 32751.8
22078, 32737.8
102806, 32689.9
102816, 32519.3
102819, 32412.6
102821, 32298.2
102851, 32220.5
102858, 32039.4
102879, 31993.9
102892, 31897.5
102911, 31799.6
102933, 31696.4
102941, 31694.4
102947, 31478
102955, 31445.8
102965, 31416.1
102981, 31374.8
102985, 31300.2
103014, 31241.6
103051, 31226.1
103054, 31226
103056, 31219.7
103059, 31143
103090, 31106.7
103092, 31083.9
103096, 31073.4
103130, 30978.1
103149, 30977.9
103159, 30939.9
103205, 30933.1
103212, 30914.1
103229, 30887.4
103232, 30836.5
103302, 30794.3
103312, 30784.6
103317, 30782.9
103343, 30745.8
103418, 30740.8
103447, 30740.5
103450, 30719.8
103473, 30703.4
103475, 30668.9
103536, 30653.5
103632, 30651.5
103772, 30639.2
107538, 30620.8
107583, 30595
107667, 30587.2
107687, 30573.9
107706, 30528.7
107712, 30511.2
122262, 30496.9
122274, 30415
122284, 30194.7
122305, 30156.6
122309, 30130.3
122321, 30059.4
122325, 29959.1
122362, 29949.8
122367, 29798.2
122377, 29777
122395, 29766
122417, 29618.7
122427, 29589.9
122459, 29440.8
122519, 29435.8
122521, 29371.8
122534, 29296.1
122568, 29266.1
122589, 29259
122599, 29234.1
122603, 29202.5
122609, 29173.3
122620, 29047
122724, 29001.3
122775, 28995.3
122784, 28994.6
122786, 28993.3
122842, 28988.5
122866, 28975.4
122875, 28950.6
122885, 28950
122913, 28948.8
122937, 28933.9
122955, 28920.5
122994, 28914.7
123010, 28886.6
190156, 28755.7
190158, 28694.9
190162, 28479.6
190165, 28271.3
190169, 28200.4
190175, 28175.2
190177, 27811.4
190179, 27742.3
190185, 27616.6
190193, 27492.5
190207, 27310.1
190218, 26997.3
190225, 26983.7
190228, 26858.9
190230, 26766.4
190232, 26710.3
190239, 26431.5
190242, 26318.7
190250, 26176.7
190259, 26091.2
190262, 26024.2
190265, 25965.7
190269, 25554.4
190281, 25504.5
190287, 25398.5
190298, 25232.1
190302, 25000.4
190318, 24987.2
190330, 24861.1
190344, 24813.3
190346, 24723.9
190358, 24618
190364, 24468.3
190387, 24439.4
190394, 24297.7
190397, 24202.7
190413, 24128.6
190418, 24053.9
190428, 24037.6
190431, 23964.6
190435, 23860.3
190464, 23835.3
190488, 23827.5
190495, 23747.5
190497, 23730
190503, 23608.4
190513, 23535.9
190542, 23506.4
190545, 23479.8
190551, 23469.2
190553, 23468.9
190555, 23455.6
190557, 23446.8
190560, 23429.9
190562, 23395.9
190573, 23268.1
190595, 23210.3
190622, 23099
190657, 23059.4
190669, 23046.1
190674, 22966.5
190710, 22965.5
190727, 22916.5
190735, 22911.2
190739, 22863.6
190774, 22826.5
190788, 22818.2
190811, 22749
190878, 22748.3
190894, 22733.3
190954, 22687.4
191022, 22686.5
191087, 22677.3
191163, 22674.3
191171, 22655.6
191181, 22655
