
1, 908.546
3, 906.046
4, 903.041
5, 892.051
10, 884.325
11, 884.201
14, 883.572
15, 880.044
19, 876.812
21, 868.861
23, 868.615
24, 866.214
25, 859.913
30, 859.174
31, 858.735
33, 855.409
35, 853.181
36, 853.15
37, 850.419
40, 847.481
44, 845.316
45, 845.246
48, 838.397
51, 836.946
52, 836.591
53, 835.041
55, 830.303
58, 810.1
61, 808.456
66, 794.441
70, 794.022
71, 792.993
73, 785.771
75, 779.515
79, 777.32
80, 777.28
82, 768.276
85, 764.974
87, 760.274
90, 759.817
91, 758.948
98, 757.766
99, 757.15
102, 756.505
103, 756.083
104, 750.283
107, 743.061
115, 737.911
118, 736.509
123, 736.282
124, 734.658
125, 730.593
127, 722.314
133, 722.056
134, 720.777
138, 717.23
139, 717.128
140, 708.579
142, 708.275
143, 706.79
144, 704.709
145, 704.047
146, 703.484
147, 702.831
149, 695.075
151, 690.179
155, 688.895
156, 688.066
158, 688.05
159, 687.339
161, 684.085
166, 678.772
178, 678.445
184, 675.344
190, 674.408
191, 673.863
194, 672.721
195, 672.325
203, 670.073
212, 669.948
213, 668.513
224, 667.469
225, 666.926
270, 664.841
271, 664.237
274, 663.456
275, 662.311
276, 657.891
277, 657.812
282, 656.305
283, 655.562
289, 655.01
290, 654.778
294, 653.876
295, 653.504
298, 652.01
303, 651.993
305, 651.797
307, 651.738
308, 651.499
311, 649.029
312, 648.887
320, 648.161
321, 647.266
330, 645.195
341, 641.164
364, 639.882
386, 638.923
387, 637.492
405, 635.582
406, 634.625
449, 631.841
450, 631.828
458, 629.386
459, 629.174
463, 626.07
464, 625.568
490, 623.502
491, 622.888
493, 622.659
494, 621.713
512, 621.151
513, 620.779
574, 620.699
581, 620.658
598, 619.163
599, 619.001
601, 616.336
602, 615.728
671, 615.362
672, 614.434
680, 614.096
681, 613.856
682, 612.844
684, 611.962
685, 611.496
688, 608.315
700, 606.676
701, 606.418
708, 606.403
709, 606.023
894, 605.676
1163, 604.83
1164, 604.155
1258, 603.556
1259, 602.926
1339, 602.801
1340, 602.764
1353, 601.584
1354, 601.405
1627, 601.358
1628, 601.188
1841, 601.072
3319, 600.749
3977, 600.34
4097, 600.114
4098, 599.922
4192, 599.886
4193, 599.46
4247, 598.776
4248, 598.678
4509, 597.766
4510, 597.607
5221, 597.528
5222, 597.059
6582, 597.002
6583, 596.8
7072, 596.658
7073, 596.583
8404, 596.361
8530, 596.321
8579, 596.208
8717, 596.203
8718, 596.122
8740, 596.119
8741, 596.025
9156, 596.024
9157, 595.947
9485, 595.922
9486, 595.874
9591, 595.792
10225, 595.746
10562, 595.726
10563, 595.7
10739, 595.692
10740, 595.66
10750, 595.66
10751, 595.625
23854, 595.597
24135, 595.589
24857, 595.567
24858, 595.565
24985, 595.523
25159, 595.329
28758, 595.286
29011, 595.208
30499, 595.189
32002, 594.746
32018, 594.353
32019, 592.259
32029, 590.906
32030, 589.787
32036, 589.489
32037, 588.971
32069, 588.738
32070, 588.559
32133, 587.961
32134, 587.648
32164, 587.622
32165, 586.914
32167, 586.267
32168, 585.332
32180, 584.532
32181, 583.76
32218, 583.362
32219, 582.448
32223, 581.189
32224, 580.341
32245, 577.644
32286, 577.515
32293, 576.733
32294, 576.298
32302, 575.409
32303, 574.986
32319, 574.966
32324, 572.467
32325, 572.207
32534, 571.68
32535, 570.349
32585, 570.328
32586, 569.72
32702, 568.846
32703, 568.461
33721, 568.432
34155, 568.371
34156, 567.764
34973, 567.695
34974, 567.429
35115, 567.257
35116, 567.021
35927, 566.749
35928, 566.55
36166, 566.213
36167, 565.982
36779, 565.613
36780, 565.472
37119, 565.073
38297, 564.978
38298, 564.901
38310, 564.521
38604, 564.415
38789, 564.382
38790, 564.265
39485, 564.256
39486, 564.133
40419, 564.002
40580, 563.967
41285, 563.851
41678, 563.811
50653, 563.697
57847, 563.636
58141, 563.323
58142, 562.553
59764, 562.285
59765, 562.109
60319, 561.891
60320, 561.773
60668, 561.733
60669, 561.525
62971, 561.521
62972, 561.429
63334, 561.398
63335, 561.355
63419, 561.228
63427, 561.209
63663, 561.182
63664, 561.144
64037, 561.086
64038, 561.076
64256, 560.972
64410, 560.954
64864, 560.891
72681, 560.886
72682, 560.874
73087, 560.867
73088, 560.827
81374, 560.706
82130, 560.663
82728, 560.621
83340, 560.616
83341, 560.609
83722, 560.6
83723, 560.59
83763, 560.535
84234, 560.52
84965, 560.495
84984, 560.427
85523, 560.415
86427, 560.4
86437, 560.398
87352, 560.397
87814, 560.357
104598, 560.317
105363, 560.313
107006, 560.304
107854, 560.303
107857, 560.29
132340, 560.239
132380, 560.128
133383, 560.041
133707, 560.019
133817, 559.99
133818, 559.971
141727, 559.852
142023, 559.799
142121, 559.726
142920, 559.685
142947, 559.68
143884, 559.673
143885, 559.657
144042, 559.618
144428, 559.604
144455, 559.582
144512, 559.56
144924, 559.551
144963, 559.51
145471, 559.441
145703, 559.437
146209, 559.431
146259, 559.425
146579, 559.406
147080, 559.387
147138, 559.357
148380, 559.348
148556, 559.298
149461, 559.298
149506, 559.292
149915, 559.288
151069, 559.279
152312, 559.277
152621, 559.265
153122, 559.254
153207, 559.25
173782, 559.241
174269, 542.508
174280, 541.129
174286, 533.773
174291, 531.9
174295, 528.874
174301, 524.51
174309, 521.074
174328, 520.74
174329, 520.017
174340, 515.965
174344, 514.294
174347, 512.398
174348, 511.829
174352, 503.549
174355, 493.785
174359, 493.538
174360, 491.944
174361, 490.446
174362, 489.852
174363, 485.498
174369, 482.763
174370, 481.931
174375, 475.866
174378, 473.78
174384, 472.223
174385, 471.53
174395, 468.564
174396, 468.492
174401, 466.334
174402, 465.477
174408, 464.297
174409, 463.3
174411, 461.443
174412, 460.616
174431, 457.275
174434, 455.842
174435, 454.953
174443, 454.739
174444, 454.385
174460, 453.714
174463, 451.932
174464, 451.6
174470, 449.158
174471, 449.106
174486, 445.939
174487, 445.924
174492, 445.648
174493, 443.943
174503, 443.802
174504, 443.477
174510, 440.927
174511, 440.682
174512, 437.848
174530, 436.086
174534, 430.087
174549, 428.475
174550, 427.672
174558, 425.707
174559, 425.49
174578, 424.515
174579, 423.452
174614, 422.991
174615, 421.987
174630, 420.307
174631, 419.559
174654, 419.129
174655, 418.145
174656, 417.102
174787, 415.929
174997, 415.906
175064, 415.643
175065, 414.999
175069, 414.778
175260, 413.597
175261, 413.496
175311, 412.592
175312, 412.035
175387, 411.99
176963, 411.838
176964, 411.103
178170, 410.716
178171, 410.5
178301, 410.212
178302, 409.92
178619, 409.178
180235, 409.064
180236, 408.977
180980, 408.86
180981, 408.783
181248, 408.754
181249, 408.595
182433, 408.363
182585, 408.344
182680, 408.262
182681, 408.229
189526, 408.174
190222, 407.908
198742, 407.898
198750, 407.754
200385, 407.748
200803, 407.741
200804, 407.731
200892, 407.705
201150, 407.702
201151, 407.701
201714, 407.666
201885, 407.606
202636, 407.6
203136, 407.594
203601, 407.539
204043, 407.52
204171, 407.52
204677, 407.492
205087, 407.489
205564, 407.488
222046, 407.451
222487, 407.444
224039, 407.415
225461, 407.405
227111, 407.403
227639, 407.403
227654, 407.402
228212, 407.387
228508, 406.322
228509, 406.226
228511, 400.11
228513, 398.945
228514, 398.235
228517, 397.517
228518, 396.587
228524, 395.557
228525, 394.898
228546, 394.335
228547, 393.449
228559, 393.169
228560, 392.216
228562, 390.877
228563, 389.93
228575, 385.243
228577, 384.883
228578, 384.305
228594, 381.705
228595, 381.478
228617, 381.345
228618, 380.93
228621, 378.794
228687, 378.218
228688, 377.661
228689, 374.808
228690, 374.312
228728, 372.367
228729, 371.415
228742, 370.411
228743, 370.316
228759, 369.354
228760, 368.982
228990, 368.458
228991, 367.078
229105, 366.225
229106, 365.732
229244, 365.708
229245, 365.441
229410, 364.583
229411, 363.901
231006, 363.647
231104, 363.613
231105, 363.414
231785, 362.736
232047, 362.713
232048, 362.391
232624, 362.064
232625, 361.908
233032, 361.855
233033, 361.54
233513, 361.147
233514, 361.136
234451, 360.822
235352, 360.778
235353, 360.669
235762, 360.356
236191, 360.353
236254, 360.272
236255, 360.222
236351, 360.205
236352, 360.108
237457, 359.903
