
1, 1.42457e+11
3, 1.4109e+11
6, 1.40747e+11
11, 1.38625e+11
16, 1.37961e+11
18, 1.36261e+11
20, 1.33397e+11
24, 1.30559e+11
33, 1.29105e+11
37, 1.28426e+11
41, 1.24006e+11
43, 1.20766e+11
46, 1.18774e+11
49, 1.17889e+11
53, 1.17078e+11
58, 1.16246e+11
61, 1.1535e+11
64, 1.13897e+11
67, 1.12939e+11
69, 1.10979e+11
71, 1.09203e+11
85, 1.09048e+11
87, 1.06135e+11
90, 1.05309e+11
92, 1.04479e+11
94, 1.03878e+11
97, 1.02434e+11
101, 1.02212e+11
103, 1.00222e+11
109, 9.9928e+10
111, 9.85201e+10
114, 9.79243e+10
119, 9.78164e+10
121, 9.74723e+10
125, 9.71086e+10
128, 9.35952e+10
133, 9.19423e+10
138, 9.17826e+10
141, 8.96057e+10
145, 8.84953e+10
151, 8.83082e+10
153, 8.61473e+10
156, 8.60893e+10
163, 8.42682e+10
172, 8.33357e+10
179, 8.28228e+10
181, 8.23186e+10
184, 8.14023e+10
188, 8.00308e+10
197, 7.93555e+10
199, 7.69307e+10
205, 7.69021e+10
214, 7.57813e+10
216, 7.39442e+10
218, 7.3456e+10
220, 7.2877e+10
222, 7.21382e+10
225, 7.1907e+10
231, 7.14268e+10
233, 7.10433e+10
238, 7.06591e+10
242, 6.94266e+10
255, 6.8789e+10
262, 6.84223e+10
264, 6.7906e+10
267, 6.64377e+10
271, 6.64305e+10
275, 6.58481e+10
280, 6.44199e+10
289, 6.38961e+10
293, 6.3055e+10
299, 6.2926e+10
306, 6.2863e+10
310, 6.25848e+10
315, 6.23466e+10
317, 6.17426e+10
319, 6.16985e+10
340, 6.13578e+10
343, 6.10291e+10
348, 6.07688e+10
354, 5.98966e+10
356, 5.97812e+10
367, 5.95345e+10
373, 5.9273e+10
378, 5.88334e+10
389, 5.81995e+10
405, 5.80055e+10
418, 5.79971e+10
421, 5.79568e+10
423, 5.70996e+10
441, 5.68593e+10
453, 5.64546e+10
458, 5.64378e+10
471, 5.59206e+10
492, 5.58664e+10
495, 5.55069e+10
527, 5.52593e+10
535, 5.50306e+10
545, 5.46058e+10
555, 5.44805e+10
563, 5.43521e+10
573, 5.36961e+10
590, 5.36471e+10
601, 5.31647e+10
621, 5.31269e+10
626, 5.27695e+10
667, 5.26238e+10
675, 5.24262e+10
681, 5.24171e+10
702, 5.20459e+10
713, 5.1826e+10
758, 5.17338e+10
766, 5.1704e+10
800, 5.15965e+10
803, 5.14054e+10
817, 5.11172e+10
868, 5.10797e+10
877, 5.098e+10
913, 5.09609e+10
934, 5.08875e+10
958, 5.07346e+10
962, 5.06976e+10
986, 5.06376e+10
1008, 5.06331e+10
1074, 5.05652e+10
1178, 5.05573e+10
1223, 5.05018e+10
1351, 6.96498e+08
1352, 6.72034e+08
1355, 6.69499e+08
1358, 6.64432e+08
1361, 6.099e+08
1363, 6.0713e+08
1366, 6.01107e+08
1369, 5.7334e+08
1373, 5.63071e+08
1376, 5.53575e+08
1378, 4.71156e+08
1380, 4.55927e+08
1382, 4.40286e+08
1384, 4.30676e+08
1386, 4.30325e+08
1388, 3.66622e+08
1390, 3.54349e+08
1392, 3.33522e+08
1394, 3.1047e+08
1400, 2.92632e+08
1403, 2.9233e+08
1405, 2.75733e+08
1407, 2.57745e+08
1410, 2.48272e+08
1412, 2.18197e+08
1416, 1.96467e+08
1420, 1.89974e+08
1422, 1.8808e+08
1425, 1.78718e+08
1428, 1.71113e+08
1433, 1.67497e+08
1436, 1.64728e+08
1438, 1.58959e+08
1440, 1.51916e+08
1442, 1.50414e+08
1444, 1.36401e+08
1447, 1.32567e+08
1450, 1.2031e+08
1454, 1.17901e+08
1456, 1.09142e+08
1458, 1.05156e+08
1468, 1.00664e+08
1472, 9.67595e+07
1474, 9.54396e+07
1476, 9.45452e+07
1479, 9.38668e+07
1482, 9.26273e+07
1487, 8.66402e+07
1489, 8.32859e+07
1491, 7.99605e+07
1496, 6.73532e+07
1508, 6.17231e+07
1510, 5.66171e+07
1514, 5.64433e+07
1516, 5.40967e+07
1518, 5.22624e+07
1520, 4.91629e+07
1525, 4.64481e+07
1527, 4.17215e+07
1531, 3.95544e+07
1534, 3.86424e+07
1536, 3.63565e+07
1538, 3.54886e+07
1540, 3.37999e+07
1545, 3.08642e+07
1550, 2.9256e+07
1557, 2.82162e+07
1566, 2.55805e+07
1580, 2.51987e+07
1583, 2.01483e+07
1591, 1.98193e+07
1604, 1.86895e+07
1609, 1.64968e+07
1625, 1.63422e+07
1627, 1.52908e+07
1629, 1.44159e+07
1646, 1.19446e+07
1654, 1.18524e+07
1662, 1.11132e+07
1680, 1.04792e+07
1691, 1.03871e+07
1693, 1.02331e+07
1695, 9.79575e+06
1697, 9.12611e+06
1704, 8.64584e+06
1714, 8.28375e+06
1717, 7.6675e+06
1729, 6.86291e+06
1741, 6.39543e+06
1756, 5.60838e+06
1764, 5.44975e+06
1776, 5.35913e+06
1779, 4.99515e+06
1785, 4.62894e+06
1792, 3.97267e+06
1811, 3.63719e+06
1831, 3.32085e+06
1847, 3.00206e+06
1852, 2.6495e+06
1873, 2.50332e+06
1884, 2.48108e+06
1894, 2.30638e+06
1897, 2.23899e+06
1920, 2.01069e+06
1944, 2.00477e+06
1957, 1.89939e+06
1983, 1.80333e+06
1986, 1.61872e+06
2012, 1.59193e+06
2044, 1.59171e+06
2065, 1.57009e+06
2076, 1.54505e+06
2086, 1.42434e+06
2090, 1.40073e+06
2094, 1.3886e+06
2096, 1.36696e+06
2142, 1.22629e+06
2229, 1.19094e+06
2233, 1.18888e+06
2235, 1.17099e+06
2255, 1.14157e+06
2257, 1.11633e+06
2349, 1.07072e+06
2486, 1.06597e+06
2556, 1.04765e+06
2580, 1.03961e+06
2818, 959090
2820, 564735
2833, 531423
2835, 279615
2841, 164538
2843, 155710
2845, 121705
2849, 89537.1
2851, 77168.2
2854, 73439.4
2857, 71049.5
2864, 61993.1
2870, 60326.3
2872, 58437.7
2875, 58285.8
2878, 55853.4
2882, 55816.4
2884, 55446.1
2887, 55279.5
2897, 54869.9
2917, 54338
2919, 54314.7
2930, 53958.3
2935, 53861.1
2938, 53796.4
2946, 53732
2950, 53605.1
2959, 53371.4
2971, 53302.7
2974, 53181.1
2978, 53023.4
2984, 52842.3
2992, 52461.3
2997, 52449.6
3001, 52168.2
3010, 51805.5
3012, 51616.7
3034, 51569.3
3039, 51542.6
3041, 51448.1
3044, 51333.8
3050, 50757.2
3064, 50738.6
3070, 50676.9
3072, 50586.3
3075, 50453.4
3077, 50270
3084, 50203.1
3089, 50032.4
3100, 49870
3106, 49764.5
3116, 49703.2
3121, 49564.9
3132, 49524.4
3136, 49238.8
3144, 49126.1
3157, 49050.6
3163, 48954.8
3167, 48796.5
3175, 48744.5
3204, 48712.4
3206, 48612.7
3228, 48608.3
3230, 48510.7
3253, 48352.3
3269, 48334.8
3271, 48306.2
3311, 48280.4
3317, 48147.6
3325, 48003.4
3375, 47997.4
3379, 47945.3
3389, 47745.5
3450, 47738.1
3465, 47704.3
3475, 47671.4
3477, 47590.3
3519, 47496.1
3537, 47454.3
3607, 47446.6
3616, 47414.9
3621, 47307.8
3755, 47267.3
3874, 47262.4
4013, 47258.9
4093, 47229.1
300000, 272.751
