
1, 1.1538e+07
3, 1.14447e+07
4, 1.14447e+07
10, 1.13167e+07
12, 1.1233e+07
17, 1.09562e+07
20, 1.07437e+07
26, 1.07398e+07
27, 1.07396e+07
29, 1.07087e+07
32, 1.0652e+07
36, 1.02042e+07
38, 1.00023e+07
47, 9.66324e+06
52, 9.60003e+06
55, 9.42255e+06
57, 9.38442e+06
60, 9.10571e+06
62, 8.95229e+06
67, 8.74356e+06
70, 8.62947e+06
74, 8.60221e+06
78, 8.41626e+06
82, 8.23403e+06
85, 8.19271e+06
90, 8.12826e+06
97, 7.86825e+06
99, 7.8205e+06
103, 7.75359e+06
105, 7.68731e+06
108, 7.66847e+06
110, 7.56917e+06
113, 7.55207e+06
116, 7.5348e+06
120, 7.47114e+06
122, 7.26651e+06
125, 7.25251e+06
138, 7.06146e+06
143, 7.02057e+06
145, 6.98027e+06
149, 6.8669e+06
155, 6.77431e+06
161, 6.72245e+06
163, 6.62631e+06
166, 6.52772e+06
181, 6.47659e+06
184, 6.42299e+06
193, 6.30371e+06
198, 6.24793e+06
200, 6.13936e+06
203, 6.11766e+06
208, 6.03174e+06
212, 6.01061e+06
216, 6.00261e+06
218, 5.79556e+06
224, 5.61246e+06
233, 5.58678e+06
236, 5.5845e+06
238, 5.5362e+06
245, 5.45376e+06
258, 5.37987e+06
260, 5.33795e+06
265, 5.25543e+06
277, 5.23466e+06
280, 5.21879e+06
288, 5.05003e+06
294, 4.94312e+06
310, 4.88344e+06
312, 4.8401e+06
314, 4.80223e+06
322, 4.80008e+06
326, 4.77241e+06
328, 4.72858e+06
330, 4.68998e+06
332, 4.66497e+06
336, 4.62556e+06
340, 4.61375e+06
344, 4.52355e+06
366, 4.46802e+06
369, 4.45069e+06
376, 4.35963e+06
392, 4.33758e+06
408, 4.28056e+06
413, 4.25847e+06
415, 4.22344e+06
419, 4.17463e+06
424, 4.17352e+06
432, 4.12722e+06
447, 4.12406e+06
450, 4.10276e+06
456, 4.09038e+06
467, 4.07789e+06
470, 4.05005e+06
479, 4.01959e+06
507, 3.99452e+06
512, 3.98684e+06
515, 3.96951e+06
529, 3.96601e+06
532, 3.96469e+06
535, 3.94446e+06
549, 3.94304e+06
556, 3.93204e+06
561, 3.92751e+06
563, 3.92601e+06
568, 3.92566e+06
573, 3.88699e+06
596, 3.87712e+06
605, 3.86928e+06
608, 3.86338e+06
610, 3.85844e+06
615, 3.85611e+06
623, 3.85039e+06
628, 3.82412e+06
633, 3.79687e+06
638, 3.78445e+06
661, 3.7731e+06
686, 3.77152e+06
712, 3.76408e+06
715, 3.76039e+06
730, 3.75003e+06
739, 3.71962e+06
778, 3.71951e+06
789, 3.71452e+06
806, 3.71175e+06
830, 3.71154e+06
841, 3.71127e+06
849, 3.69235e+06
903, 3.68559e+06
930, 3.67822e+06
986, 3.67254e+06
1004, 3.65708e+06
1112, 3.65301e+06
2905, 3.58587e+06
2907, 3.47786e+06
2909, 3.4433e+06
2911, 3.41689e+06
2913, 3.37816e+06
2917, 3.31181e+06
2920, 3.29931e+06
2926, 3.26317e+06
2932, 3.25756e+06
2935, 3.18566e+06
2939, 3.08878e+06
2941, 3.04849e+06
2947, 3.00381e+06
2950, 2.97825e+06
2953, 2.88851e+06
2955, 2.84351e+06
2957, 2.79184e+06
2959, 2.77529e+06
2961, 2.639e+06
2965, 2.61881e+06
2967, 2.57323e+06
2975, 2.53817e+06
2983, 2.47719e+06
2987, 2.44005e+06
2991, 2.36611e+06
3001, 2.35435e+06
3003, 2.31536e+06
3006, 2.27879e+06
3011, 2.2725e+06
3018, 2.18306e+06
3024, 2.11559e+06
3046, 2.10772e+06
3050, 2.07643e+06
3053, 2.06572e+06
3057, 2.03283e+06
3064, 2.01879e+06
3070, 2.00034e+06
3072, 1.97644e+06
3076, 1.95198e+06
3082, 1.93519e+06
3084, 1.91173e+06
3099, 1.89863e+06
3109, 1.84931e+06
3118, 1.83068e+06
3122, 1.82472e+06
3127, 1.82295e+06
3129, 1.8147e+06
3134, 1.81271e+06
3136, 1.81038e+06
3139, 1.72557e+06
3151, 1.68773e+06
3153, 1.66596e+06
3175, 1.62098e+06
3181, 1.61493e+06
3188, 1.58655e+06
3202, 1.56504e+06
3221, 1.52618e+06
3243, 1.49629e+06
3263, 1.48631e+06
3281, 1.4614e+06
3314, 1.45538e+06
3320, 1.44872e+06
3328, 1.44588e+06
3330, 1.44063e+06
3346, 1.43881e+06
3349, 1.43583e+06
3353, 1.43569e+06
3357, 1.43248e+06
3360, 1.41644e+06
3362, 1.41539e+06
3378, 1.40969e+06
3385, 1.3988e+06
3393, 1.39489e+06
3419, 1.38412e+06
3444, 1.37553e+06
3452, 1.35471e+06
3485, 1.35259e+06
3520, 1.34904e+06
3525, 1.34483e+06
3548, 1.34144e+06
3559, 1.32493e+06
3631, 1.32159e+06
3649, 1.3132e+06
3691, 1.30657e+06
3764, 1.3056e+06
3810, 1.30367e+06
3812, 1.30366e+06
3875, 1.30359e+06
3891, 1.30001e+06
4004, 1.29873e+06
4024, 1.29743e+06
4089, 197212
4091, 196854
4094, 188213
4096, 181094
4098, 174100
4101, 168687
4107, 164874
4109, 162952
4111, 146802
4113, 140952
4117, 136241
4119, 133205
4124, 132417
4127, 121421
4136, 115819
4138, 103025
4141, 95247
4143, 93377.4
4145, 88621.7
4148, 87878.6
4153, 87686.9
4155, 80737.1
4157, 76590.4
4162, 75403.3
4165, 75242.2
4167, 73024.4
4173, 69641.6
4176, 65426.7
4180, 65182.2
4182, 60157.4
4185, 56181.9
4190, 54332.1
4192, 52572.1
4196, 48472.4
4201, 48257.3
4206, 44450
4208, 43195.8
4211, 42663.6
4216, 42011.1
4218, 41384.4
4222, 39913.6
4224, 37632.8
4231, 37362.4
4237, 35745.4
4239, 33254.6
4244, 33182.9
4246, 33065.2
4254, 30398
4269, 27953.6
4273, 26562.7
4277, 25759.9
4300, 25757.5
4302, 25662.5
4304, 24683.6
4308, 24399
4310, 23974.4
4316, 23760.8
4322, 23287.5
4326, 22300.3
4334, 21953.2
4339, 21499.7
4341, 21026.6
4343, 20729.6
4345, 20133.5
4347, 19724.1
4351, 19639
4356, 19639
4359, 19546
4363, 18393.9
4379, 18102.6
4390, 17974.2
4394, 17679.3
4398, 17614.9
4401, 17571.4
4404, 17051.5
4406, 17032.7
4408, 16807.5
4410, 15790
4421, 15734.6
4428, 15460
4434, 14504
4451, 14354.6
4456, 13827.6
4468, 13722.5
4479, 13645.2
4481, 13270.2
4491, 13176.5
4495, 12952.3
4499, 12850
4501, 12671.7
4512, 12019.4
4529, 11974.9
4534, 11876.2
4545, 11835.5
4548, 11496.8
4560, 11437.7
4565, 11159.3
4581, 11122.5
4583, 10972.3
4592, 10557.7
4618, 10281.9
4638, 9937.93
4664, 9835.79
4719, 9830.44
4734, 9815.06
4740, 9681.01
4753, 9634.13
4762, 9586.56
4782, 9464.78
4811, 9225.6
4887, 9099.28
4957, 9059.35
4993, 9057.49
5061, 9056.12
5074, 8998.83
5087, 8882.85
5180, 8833.85
5357, 8824.47
300000, 1751.15
